Solution for n=10, p=2 : 
Objective  : 167493.06
Allocation : 3, 3, 3, 3, 7, 7, 7, 7, 7, 7
 
Solution for n=10, p=3 : 
Objective  : 136008.13
Allocation : 3, 4, 3, 4, 7, 4, 7, 7, 7, 7
 
Solution for n=10, p=4 : 
Objective  : 112396.07
Allocation : 3, 4, 3, 4, 7, 8, 7, 8, 7, 8
 
Solution for n=20, p=2 : 
Objective  : 172816.69
Allocation : 6, 6, 6, 6, 6, 6, 6, 6, 14, 14, 14, 14, 14, 14, 14, 14, 14, 14, 14, 14
 
Solution for n=20, p=3 : 
Objective  : 151533.08
Allocation : 6, 6, 6, 12, 6, 6, 6, 12, 14, 14, 12, 12, 14, 14, 14, 12, 14, 14, 14, 14
 
Solution for n=20, p=4 : 
Objective  : 135624.88
Allocation : 2, 2, 6, 12, 6, 6, 6, 12, 14, 14, 12, 12, 14, 14, 14, 12, 14, 14, 14, 14
 
Solution for n=40, p=2 : 
Objective  : 177471.67
Allocation : 12, 12, 12, 12, 12, 12, 12, 12, 12, 12, 12, 12, 12, 12, 12, 28, 28, 28, 28, 28, 28, 28, 28, 28, 28, 28, 28, 28, 28, 28, 28, 28, 28, 28, 28, 28, 28, 28, 28, 28
 
Solution for n=40, p=3 : 
Objective  : 158830.54
Allocation : 12, 12, 12, 12, 12, 12, 22, 22, 12, 12, 12, 12, 12, 22, 22, 22, 28, 28, 28, 22, 22, 22, 22, 22, 28, 28, 28, 28, 28, 28, 22, 22, 28, 28, 28, 28, 28, 28, 28, 28
 
Solution for n=50, p=2 : 
Objective  : 178484.29
Allocation : 14, 14, 14, 14, 14, 14, 14, 14, 14, 14, 14, 14, 14, 14, 14, 14, 14, 14, 14, 35, 35, 35, 35, 35, 35, 35, 35, 35, 35, 35, 35, 35, 35, 35, 35, 35, 35, 35, 35, 35, 35, 35, 35, 35, 35, 35, 35, 35, 35, 35
 
Solution for n=50, p=3 : 
Objective  : 158569.93
Allocation : 14, 14, 14, 14, 14, 14, 14, 28, 28, 28, 14, 14, 14, 14, 14, 14, 14, 28, 28, 28, 35, 35, 35, 35, 28, 28, 28, 28, 28, 28, 35, 35, 35, 35, 35, 35, 35, 35, 28, 28, 35, 35, 35, 35, 35, 35, 35, 35, 35, 35
 
Solution for n=50, p=4 : 
Objective  : 143378.05
Allocation : 14, 14, 14, 14, 14, 14, 14, 14, 28, 28, 33, 14, 14, 14, 14, 14, 14, 28, 28, 28, 33, 33, 33, 33, 28, 28, 28, 28, 28, 28, 33, 33, 33, 33, 35, 35, 35, 35, 28, 28, 33, 33, 33, 33, 35, 35, 35, 35, 35, 35
