Solution for n=10, p=2 :
Best Hubs  : 7, 3
Objective  : 167894.28
Allocation : 3, 3, 3, 3, 3, 7, 7, 7, 7, 7
The time use for run code in 10 node and 2 hubs is: 0.01 seconds
Path       : ([3, 6], [3, 3, 3, 3, 6, 3, 6, 6, 6, 6]), ([6, 2], [2, 2, 2, 2, 2, 6, 6, 6, 6, 6]), ([6, 3], [3, 3, 3, 3, 6, 3, 6, 6, 6, 6]), ([6, 2], [2, 2, 2, 2, 2, 6, 6, 6, 6, 6]), ([6, 3], [3, 3, 3, 3, 6, 3, 6, 6, 6, 6]), ([6, 2], [2, 2, 2, 2, 2, 6, 6, 6, 6, 6]), ([6, 3], [3, 3, 3, 3, 6, 3, 6, 6, 6, 6]), ([6, 2], [2, 2, 2, 2, 2, 6, 6, 6, 6, 6]), ([6, 3], [3, 3, 3, 3, 6, 3, 6, 6, 6, 6]), ([6, 2], [2, 2, 2, 2, 2, 6, 6, 6, 6, 6])

Solution for n=10, p=3 :
Best Hubs  : 4, 7, 3
Objective  : 136671.11
Allocation : 3, 4, 3, 4, 3, 4, 7, 7, 7, 7
The time use for run code in 10 node and 3 hubs is: 0.02 seconds
Path       : ([3, 8, 6], [3, 3, 3, 3, 6, 3, 6, 6, 8, 6]), ([3, 6, 2], [2, 3, 2, 3, 2, 3, 6, 6, 6, 6]), ([6, 2, 7], [2, 2, 2, 7, 2, 7, 6, 7, 6, 7]), ([6, 2, 3], [2, 3, 2, 3, 2, 3, 6, 6, 6, 6]), ([6, 2, 7], [2, 2, 2, 7, 2, 7, 6, 7, 6, 7]), ([6, 2, 3], [2, 3, 2, 3, 2, 3, 6, 6, 6, 6]), ([6, 2, 7], [2, 2, 2, 7, 2, 7, 6, 7, 6, 7]), ([6, 2, 3], [2, 3, 2, 3, 2, 3, 6, 6, 6, 6]), ([6, 2, 7], [2, 2, 2, 7, 2, 7, 6, 7, 6, 7]), ([6, 2, 3], [2, 3, 2, 3, 2, 3, 6, 6, 6, 6])

Solution for n=10, p=4 :
Best Hubs  : 4, 7, 8, 3
Objective  : 113336.23
Allocation : 3, 4, 3, 4, 3, 4, 7, 8, 7, 8
The time use for run code in 10 node and 4 hubs is: 0.02 seconds
Path       : ([3, 8, 4, 6], [4, 3, 4, 3, 4, 3, 6, 6, 8, 6]), ([3, 4, 6, 0], [0, 3, 4, 3, 4, 3, 6, 6, 6, 6]), ([3, 6, 0, 7], [0, 3, 3, 3, 6, 3, 6, 7, 6, 7]), ([3, 6, 7, 2], [2, 3, 2, 3, 2, 3, 6, 7, 6, 7]), ([3, 6, 7, 0], [0, 3, 3, 3, 6, 3, 6, 7, 6, 7]), ([3, 6, 7, 2], [2, 3, 2, 3, 2, 3, 6, 7, 6, 7]), ([3, 6, 7, 0], [0, 3, 3, 3, 6, 3, 6, 7, 6, 7]), ([3, 6, 7, 2], [2, 3, 2, 3, 2, 3, 6, 7, 6, 7]), ([3, 6, 7, 0], [0, 3, 3, 3, 6, 3, 6, 7, 6, 7]), ([3, 6, 7, 2], [2, 3, 2, 3, 2, 3, 6, 7, 6, 7])

Solution for n=20, p=2 :
Best Hubs  : 14, 6
Objective  : 173339.27
Allocation : 6, 6, 6, 6, 6, 6, 6, 6, 14, 6, 14, 14, 14, 14, 14, 14, 14, 14, 14, 14
The time use for run code in 20 node and 2 hubs is: 0.11 seconds
Path       : ([10, 13], [10, 10, 10, 10, 13, 10, 10, 10, 13, 10, 10, 10, 13, 13, 13, 10, 13, 13, 13, 13]), ([13, 5], [5, 5, 5, 5, 5, 5, 5, 5, 13, 5, 13, 13, 13, 13, 13, 13, 13, 13, 13, 13]), ([13, 6], [6, 6, 6, 6, 6, 6, 6, 6, 13, 6, 6, 6, 13, 13, 13, 13, 13, 13, 13, 13]), ([13, 5], [5, 5, 5, 5, 5, 5, 5, 5, 13, 5, 13, 13, 13, 13, 13, 13, 13, 13, 13, 13]), ([13, 6], [6, 6, 6, 6, 6, 6, 6, 6, 13, 6, 6, 6, 13, 13, 13, 13, 13, 13, 13, 13]), ([13, 5], [5, 5, 5, 5, 5, 5, 5, 5, 13, 5, 13, 13, 13, 13, 13, 13, 13, 13, 13, 13]), ([13, 6], [6, 6, 6, 6, 6, 6, 6, 6, 13, 6, 6, 6, 13, 13, 13, 13, 13, 13, 13, 13]), ([13, 5], [5, 5, 5, 5, 5, 5, 5, 5, 13, 5, 13, 13, 13, 13, 13, 13, 13, 13, 13, 13]), ([13, 6], [6, 6, 6, 6, 6, 6, 6, 6, 13, 6, 6, 6, 13, 13, 13, 13, 13, 13, 13, 13]), ([13, 5], [5, 5, 5, 5, 5, 5, 5, 5, 13, 5, 13, 13, 13, 13, 13, 13, 13, 13, 13, 13])

Solution for n=20, p=3 :
Best Hubs  : 14, 6, 12
Objective  : 152054.17
Allocation : 6, 6, 6, 12, 6, 6, 6, 12, 14, 6, 12, 12, 14, 14, 14, 12, 14, 14, 14, 14
The time use for run code in 20 node and 3 hubs is: 0.16 seconds
Path       : ([10, 0, 13], [0, 0, 10, 10, 0, 10, 10, 10, 13, 10, 10, 10, 13, 13, 13, 10, 13, 13, 13, 13]), ([10, 13, 5], [5, 5, 5, 10, 5, 5, 5, 10, 13, 10, 10, 10, 13, 13, 13, 10, 13, 13, 13, 13]), ([13, 5, 11], [5, 5, 5, 11, 5, 5, 5, 11, 13, 5, 11, 11, 13, 13, 13, 11, 13, 13, 13, 13]), ([13, 5, 10], [5, 5, 5, 10, 5, 5, 5, 10, 13, 10, 10, 10, 13, 13, 13, 10, 13, 13, 13, 13]), ([13, 5, 11], [5, 5, 5, 11, 5, 5, 5, 11, 13, 5, 11, 11, 13, 13, 13, 11, 13, 13, 13, 13]), ([13, 5, 10], [5, 5, 5, 10, 5, 5, 5, 10, 13, 10, 10, 10, 13, 13, 13, 10, 13, 13, 13, 13]), ([13, 5, 11], [5, 5, 5, 11, 5, 5, 5, 11, 13, 5, 11, 11, 13, 13, 13, 11, 13, 13, 13, 13]), ([13, 5, 10], [5, 5, 5, 10, 5, 5, 5, 10, 13, 10, 10, 10, 13, 13, 13, 10, 13, 13, 13, 13]), ([13, 5, 11], [5, 5, 5, 11, 5, 5, 5, 11, 13, 5, 11, 11, 13, 13, 13, 11, 13, 13, 13, 13]), ([13, 5, 10], [5, 5, 5, 10, 5, 5, 5, 10, 13, 10, 10, 10, 13, 13, 13, 10, 13, 13, 13, 13])

Solution for n=20, p=4 :
Best Hubs  : 14, 6, 2, 12
Objective  : 136147.32
Allocation : 2, 2, 6, 12, 6, 6, 6, 12, 14, 6, 12, 12, 14, 14, 14, 12, 14, 14, 14, 14
The time use for run code in 20 node and 4 hubs is: 0.20 seconds
Path       : ([10, 0, 7, 13], [0, 0, 7, 7, 0, 10, 10, 7, 13, 10, 10, 7, 13, 13, 13, 10, 13, 13, 13, 13]), ([10, 7, 13, 5], [5, 5, 5, 7, 5, 5, 5, 7, 13, 10, 10, 7, 13, 13, 13, 10, 13, 13, 13, 13]), ([10, 13, 5, 1], [1, 1, 5, 10, 5, 5, 5, 10, 13, 10, 10, 10, 13, 13, 13, 10, 13, 13, 13, 13]), ([13, 5, 1, 11], [1, 1, 5, 11, 5, 5, 5, 11, 13, 5, 11, 11, 13, 13, 13, 11, 13, 13, 13, 13]), ([13, 5, 1, 10], [1, 1, 5, 10, 5, 5, 5, 10, 13, 10, 10, 10, 13, 13, 13, 10, 13, 13, 13, 13]), ([13, 5, 1, 11], [1, 1, 5, 11, 5, 5, 5, 11, 13, 5, 11, 11, 13, 13, 13, 11, 13, 13, 13, 13]), ([13, 5, 1, 10], [1, 1, 5, 10, 5, 5, 5, 10, 13, 10, 10, 10, 13, 13, 13, 10, 13, 13, 13, 13]), ([13, 5, 1, 11], [1, 1, 5, 11, 5, 5, 5, 11, 13, 5, 11, 11, 13, 13, 13, 11, 13, 13, 13, 13]), ([13, 5, 1, 10], [1, 1, 5, 10, 5, 5, 5, 10, 13, 10, 10, 10, 13, 13, 13, 10, 13, 13, 13, 13]), ([13, 5, 1, 11], [1, 1, 5, 11, 5, 5, 5, 11, 13, 5, 11, 11, 13, 13, 13, 11, 13, 13, 13, 13])

Solution for n=40, p=2 :
Best Hubs  : 28, 12
Objective  : 178290.21
Allocation : 12, 12, 12, 12, 12, 12, 12, 12, 12, 12, 12, 12, 12, 12, 12, 12, 12, 28, 28, 28, 28, 28, 28, 28, 28, 28, 28, 28, 28, 28, 28, 28, 28, 28, 28, 28, 28, 28, 28, 28
The time use for run code in 40 node and 2 hubs is: 1.83 seconds
Path       : ([13, 27], [13, 13, 13, 13, 13, 13, 13, 13, 27, 13, 13, 13, 13, 13, 13, 13, 27, 27, 27, 13, 13, 13, 13, 13, 27, 27, 27, 27, 27, 27, 27, 13, 27, 27, 27, 27, 27, 27, 27, 27]), ([27, 11], [11, 11, 11, 11, 11, 11, 11, 11, 11, 11, 11, 11, 11, 11, 11, 11, 11, 27, 27, 27, 27, 27, 27, 27, 27, 27, 27, 27, 27, 27, 27, 27, 27, 27, 27, 27, 27, 27, 27, 27]), ([11, 28], [11, 11, 11, 11, 11, 11, 11, 11, 11, 11, 11, 11, 11, 11, 11, 11, 11, 28, 28, 28, 28, 28, 28, 28, 28, 28, 28, 28, 28, 28, 28, 28, 28, 28, 28, 28, 28, 28, 28, 28]), ([11, 27], [11, 11, 11, 11, 11, 11, 11, 11, 11, 11, 11, 11, 11, 11, 11, 11, 11, 27, 27, 27, 27, 27, 27, 27, 27, 27, 27, 27, 27, 27, 27, 27, 27, 27, 27, 27, 27, 27, 27, 27]), ([11, 28], [11, 11, 11, 11, 11, 11, 11, 11, 11, 11, 11, 11, 11, 11, 11, 11, 11, 28, 28, 28, 28, 28, 28, 28, 28, 28, 28, 28, 28, 28, 28, 28, 28, 28, 28, 28, 28, 28, 28, 28]), ([11, 27], [11, 11, 11, 11, 11, 11, 11, 11, 11, 11, 11, 11, 11, 11, 11, 11, 11, 27, 27, 27, 27, 27, 27, 27, 27, 27, 27, 27, 27, 27, 27, 27, 27, 27, 27, 27, 27, 27, 27, 27]), ([11, 28], [11, 11, 11, 11, 11, 11, 11, 11, 11, 11, 11, 11, 11, 11, 11, 11, 11, 28, 28, 28, 28, 28, 28, 28, 28, 28, 28, 28, 28, 28, 28, 28, 28, 28, 28, 28, 28, 28, 28, 28]), ([11, 27], [11, 11, 11, 11, 11, 11, 11, 11, 11, 11, 11, 11, 11, 11, 11, 11, 11, 27, 27, 27, 27, 27, 27, 27, 27, 27, 27, 27, 27, 27, 27, 27, 27, 27, 27, 27, 27, 27, 27, 27]), ([11, 28], [11, 11, 11, 11, 11, 11, 11, 11, 11, 11, 11, 11, 11, 11, 11, 11, 11, 28, 28, 28, 28, 28, 28, 28, 28, 28, 28, 28, 28, 28, 28, 28, 28, 28, 28, 28, 28, 28, 28, 28]), ([11, 27], [11, 11, 11, 11, 11, 11, 11, 11, 11, 11, 11, 11, 11, 11, 11, 11, 11, 27, 27, 27, 27, 27, 27, 27, 27, 27, 27, 27, 27, 27, 27, 27, 27, 27, 27, 27, 27, 27, 27, 27]), ([11, 28], [11, 11, 11, 11, 11, 11, 11, 11, 11, 11, 11, 11, 11, 11, 11, 11, 11, 28, 28, 28, 28, 28, 28, 28, 28, 28, 28, 28, 28, 28, 28, 28, 28, 28, 28, 28, 28, 28, 28, 28]), ([11, 27], [11, 11, 11, 11, 11, 11, 11, 11, 11, 11, 11, 11, 11, 11, 11, 11, 11, 27, 27, 27, 27, 27, 27, 27, 27, 27, 27, 27, 27, 27, 27, 27, 27, 27, 27, 27, 27, 27, 27, 27]), ([11, 28], [11, 11, 11, 11, 11, 11, 11, 11, 11, 11, 11, 11, 11, 11, 11, 11, 11, 28, 28, 28, 28, 28, 28, 28, 28, 28, 28, 28, 28, 28, 28, 28, 28, 28, 28, 28, 28, 28, 28, 28]), ([11, 27], [11, 11, 11, 11, 11, 11, 11, 11, 11, 11, 11, 11, 11, 11, 11, 11, 11, 27, 27, 27, 27, 27, 27, 27, 27, 27, 27, 27, 27, 27, 27, 27, 27, 27, 27, 27, 27, 27, 27, 27]), ([11, 28], [11, 11, 11, 11, 11, 11, 11, 11, 11, 11, 11, 11, 11, 11, 11, 11, 11, 28, 28, 28, 28, 28, 28, 28, 28, 28, 28, 28, 28, 28, 28, 28, 28, 28, 28, 28, 28, 28, 28, 28]), ([11, 27], [11, 11, 11, 11, 11, 11, 11, 11, 11, 11, 11, 11, 11, 11, 11, 11, 11, 27, 27, 27, 27, 27, 27, 27, 27, 27, 27, 27, 27, 27, 27, 27, 27, 27, 27, 27, 27, 27, 27, 27]), ([11, 28], [11, 11, 11, 11, 11, 11, 11, 11, 11, 11, 11, 11, 11, 11, 11, 11, 11, 28, 28, 28, 28, 28, 28, 28, 28, 28, 28, 28, 28, 28, 28, 28, 28, 28, 28, 28, 28, 28, 28, 28]), ([11, 27], [11, 11, 11, 11, 11, 11, 11, 11, 11, 11, 11, 11, 11, 11, 11, 11, 11, 27, 27, 27, 27, 27, 27, 27, 27, 27, 27, 27, 27, 27, 27, 27, 27, 27, 27, 27, 27, 27, 27, 27]), ([11, 28], [11, 11, 11, 11, 11, 11, 11, 11, 11, 11, 11, 11, 11, 11, 11, 11, 11, 28, 28, 28, 28, 28, 28, 28, 28, 28, 28, 28, 28, 28, 28, 28, 28, 28, 28, 28, 28, 28, 28, 28]), ([11, 27], [11, 11, 11, 11, 11, 11, 11, 11, 11, 11, 11, 11, 11, 11, 11, 11, 11, 27, 27, 27, 27, 27, 27, 27, 27, 27, 27, 27, 27, 27, 27, 27, 27, 27, 27, 27, 27, 27, 27, 27])

Solution for n=40, p=3 :
Best Hubs  : 22, 28, 12
Objective  : 159496.91
Allocation : 12, 12, 12, 12, 12, 12, 22, 22, 12, 12, 12, 12, 12, 22, 22, 22, 12, 28, 28, 22, 22, 22, 22, 22, 28, 28, 28, 28, 28, 28, 22, 22, 28, 28, 28, 28, 28, 28, 28, 28
The time use for run code in 40 node and 3 hubs is: 2.67 seconds
Path       : ([13, 21, 27], [13, 13, 13, 13, 13, 13, 13, 13, 27, 13, 13, 13, 13, 13, 13, 21, 27, 27, 27, 21, 21, 21, 21, 21, 27, 27, 27, 27, 27, 27, 21, 21, 27, 27, 27, 27, 27, 27, 27, 27]), ([21, 27, 11], [11, 11, 11, 11, 11, 11, 21, 21, 11, 11, 11, 11, 11, 21, 21, 21, 11, 27, 27, 21, 21, 21, 21, 21, 27, 27, 27, 27, 27, 27, 21, 21, 27, 27, 27, 27, 27, 27, 27, 27]), ([27, 11, 22], [11, 11, 11, 11, 11, 11, 22, 22, 11, 11, 11, 11, 11, 11, 22, 22, 11, 27, 27, 27, 22, 22, 22, 22, 27, 27, 27, 27, 27, 27, 22, 22, 27, 27, 27, 27, 27, 27, 27, 27]), ([27, 11, 21], [11, 11, 11, 11, 11, 11, 21, 21, 11, 11, 11, 11, 11, 21, 21, 21, 11, 27, 27, 21, 21, 21, 21, 21, 27, 27, 27, 27, 27, 27, 21, 21, 27, 27, 27, 27, 27, 27, 27, 27]), ([27, 11, 22], [11, 11, 11, 11, 11, 11, 22, 22, 11, 11, 11, 11, 11, 11, 22, 22, 11, 27, 27, 27, 22, 22, 22, 22, 27, 27, 27, 27, 27, 27, 22, 22, 27, 27, 27, 27, 27, 27, 27, 27]), ([27, 11, 21], [11, 11, 11, 11, 11, 11, 21, 21, 11, 11, 11, 11, 11, 21, 21, 21, 11, 27, 27, 21, 21, 21, 21, 21, 27, 27, 27, 27, 27, 27, 21, 21, 27, 27, 27, 27, 27, 27, 27, 27]), ([27, 11, 22], [11, 11, 11, 11, 11, 11, 22, 22, 11, 11, 11, 11, 11, 11, 22, 22, 11, 27, 27, 27, 22, 22, 22, 22, 27, 27, 27, 27, 27, 27, 22, 22, 27, 27, 27, 27, 27, 27, 27, 27]), ([27, 11, 21], [11, 11, 11, 11, 11, 11, 21, 21, 11, 11, 11, 11, 11, 21, 21, 21, 11, 27, 27, 21, 21, 21, 21, 21, 27, 27, 27, 27, 27, 27, 21, 21, 27, 27, 27, 27, 27, 27, 27, 27]), ([27, 11, 22], [11, 11, 11, 11, 11, 11, 22, 22, 11, 11, 11, 11, 11, 11, 22, 22, 11, 27, 27, 27, 22, 22, 22, 22, 27, 27, 27, 27, 27, 27, 22, 22, 27, 27, 27, 27, 27, 27, 27, 27]), ([27, 11, 21], [11, 11, 11, 11, 11, 11, 21, 21, 11, 11, 11, 11, 11, 21, 21, 21, 11, 27, 27, 21, 21, 21, 21, 21, 27, 27, 27, 27, 27, 27, 21, 21, 27, 27, 27, 27, 27, 27, 27, 27]), ([27, 11, 22], [11, 11, 11, 11, 11, 11, 22, 22, 11, 11, 11, 11, 11, 11, 22, 22, 11, 27, 27, 27, 22, 22, 22, 22, 27, 27, 27, 27, 27, 27, 22, 22, 27, 27, 27, 27, 27, 27, 27, 27]), ([27, 11, 21], [11, 11, 11, 11, 11, 11, 21, 21, 11, 11, 11, 11, 11, 21, 21, 21, 11, 27, 27, 21, 21, 21, 21, 21, 27, 27, 27, 27, 27, 27, 21, 21, 27, 27, 27, 27, 27, 27, 27, 27]), ([27, 11, 22], [11, 11, 11, 11, 11, 11, 22, 22, 11, 11, 11, 11, 11, 11, 22, 22, 11, 27, 27, 27, 22, 22, 22, 22, 27, 27, 27, 27, 27, 27, 22, 22, 27, 27, 27, 27, 27, 27, 27, 27]), ([27, 11, 21], [11, 11, 11, 11, 11, 11, 21, 21, 11, 11, 11, 11, 11, 21, 21, 21, 11, 27, 27, 21, 21, 21, 21, 21, 27, 27, 27, 27, 27, 27, 21, 21, 27, 27, 27, 27, 27, 27, 27, 27]), ([27, 11, 22], [11, 11, 11, 11, 11, 11, 22, 22, 11, 11, 11, 11, 11, 11, 22, 22, 11, 27, 27, 27, 22, 22, 22, 22, 27, 27, 27, 27, 27, 27, 22, 22, 27, 27, 27, 27, 27, 27, 27, 27]), ([27, 11, 21], [11, 11, 11, 11, 11, 11, 21, 21, 11, 11, 11, 11, 11, 21, 21, 21, 11, 27, 27, 21, 21, 21, 21, 21, 27, 27, 27, 27, 27, 27, 21, 21, 27, 27, 27, 27, 27, 27, 27, 27]), ([27, 11, 22], [11, 11, 11, 11, 11, 11, 22, 22, 11, 11, 11, 11, 11, 11, 22, 22, 11, 27, 27, 27, 22, 22, 22, 22, 27, 27, 27, 27, 27, 27, 22, 22, 27, 27, 27, 27, 27, 27, 27, 27]), ([27, 11, 21], [11, 11, 11, 11, 11, 11, 21, 21, 11, 11, 11, 11, 11, 21, 21, 21, 11, 27, 27, 21, 21, 21, 21, 21, 27, 27, 27, 27, 27, 27, 21, 21, 27, 27, 27, 27, 27, 27, 27, 27]), ([27, 11, 22], [11, 11, 11, 11, 11, 11, 22, 22, 11, 11, 11, 11, 11, 11, 22, 22, 11, 27, 27, 27, 22, 22, 22, 22, 27, 27, 27, 27, 27, 27, 22, 22, 27, 27, 27, 27, 27, 27, 27, 27]), ([27, 11, 21], [11, 11, 11, 11, 11, 11, 21, 21, 11, 11, 11, 11, 11, 21, 21, 21, 11, 27, 27, 21, 21, 21, 21, 21, 27, 27, 27, 27, 27, 27, 21, 21, 27, 27, 27, 27, 27, 27, 27, 27])

Solution for n=40, p=4 :
Best Hubs  : 22, 28, 12, 26
Objective  : 143968.88
Allocation : 12, 12, 12, 12, 12, 12, 22, 22, 26, 12, 12, 12, 12, 22, 22, 22, 26, 26, 26, 22, 22, 22, 22, 22, 26, 26, 26, 28, 28, 28, 22, 22, 26, 26, 26, 28, 28, 28, 28, 28
The time use for run code in 40 node and 4 hubs is: 3.49 seconds
Path       : ([0, 13, 21, 27], [0, 0, 13, 0, 13, 13, 13, 13, 27, 13, 13, 13, 13, 13, 13, 21, 27, 27, 27, 21, 21, 21, 21, 21, 27, 27, 27, 27, 27, 27, 21, 21, 27, 27, 27, 27, 27, 27, 27, 27]), ([13, 21, 27, 11], [11, 11, 11, 11, 11, 13, 13, 13, 11, 11, 11, 11, 13, 13, 13, 21, 11, 27, 27, 21, 21, 21, 21, 21, 27, 27, 27, 27, 27, 27, 21, 21, 27, 27, 27, 27, 27, 27, 27, 27]), ([21, 27, 11, 25], [11, 11, 11, 11, 11, 11, 21, 21, 25, 11, 11, 11, 11, 21, 21, 21, 25, 25, 25, 21, 21, 21, 21, 21, 25, 25, 25, 27, 27, 27, 21, 21, 25, 25, 25, 27, 27, 27, 27, 27]), ([27, 11, 25, 22], [11, 11, 11, 11, 11, 11, 22, 22, 25, 11, 11, 11, 11, 11, 22, 22, 25, 25, 25, 27, 22, 22, 22, 22, 25, 25, 25, 27, 27, 27, 22, 22, 25, 25, 25, 27, 27, 27, 27, 27]), ([27, 11, 25, 21], [11, 11, 11, 11, 11, 11, 21, 21, 25, 11, 11, 11, 11, 21, 21, 21, 25, 25, 25, 21, 21, 21, 21, 21, 25, 25, 25, 27, 27, 27, 21, 21, 25, 25, 25, 27, 27, 27, 27, 27]), ([27, 11, 25, 22], [11, 11, 11, 11, 11, 11, 22, 22, 25, 11, 11, 11, 11, 11, 22, 22, 25, 25, 25, 27, 22, 22, 22, 22, 25, 25, 25, 27, 27, 27, 22, 22, 25, 25, 25, 27, 27, 27, 27, 27]), ([27, 11, 25, 21], [11, 11, 11, 11, 11, 11, 21, 21, 25, 11, 11, 11, 11, 21, 21, 21, 25, 25, 25, 21, 21, 21, 21, 21, 25, 25, 25, 27, 27, 27, 21, 21, 25, 25, 25, 27, 27, 27, 27, 27]), ([27, 11, 25, 22], [11, 11, 11, 11, 11, 11, 22, 22, 25, 11, 11, 11, 11, 11, 22, 22, 25, 25, 25, 27, 22, 22, 22, 22, 25, 25, 25, 27, 27, 27, 22, 22, 25, 25, 25, 27, 27, 27, 27, 27]), ([27, 11, 25, 21], [11, 11, 11, 11, 11, 11, 21, 21, 25, 11, 11, 11, 11, 21, 21, 21, 25, 25, 25, 21, 21, 21, 21, 21, 25, 25, 25, 27, 27, 27, 21, 21, 25, 25, 25, 27, 27, 27, 27, 27]), ([27, 11, 25, 22], [11, 11, 11, 11, 11, 11, 22, 22, 25, 11, 11, 11, 11, 11, 22, 22, 25, 25, 25, 27, 22, 22, 22, 22, 25, 25, 25, 27, 27, 27, 22, 22, 25, 25, 25, 27, 27, 27, 27, 27]), ([27, 11, 25, 21], [11, 11, 11, 11, 11, 11, 21, 21, 25, 11, 11, 11, 11, 21, 21, 21, 25, 25, 25, 21, 21, 21, 21, 21, 25, 25, 25, 27, 27, 27, 21, 21, 25, 25, 25, 27, 27, 27, 27, 27]), ([27, 11, 25, 22], [11, 11, 11, 11, 11, 11, 22, 22, 25, 11, 11, 11, 11, 11, 22, 22, 25, 25, 25, 27, 22, 22, 22, 22, 25, 25, 25, 27, 27, 27, 22, 22, 25, 25, 25, 27, 27, 27, 27, 27]), ([27, 11, 25, 21], [11, 11, 11, 11, 11, 11, 21, 21, 25, 11, 11, 11, 11, 21, 21, 21, 25, 25, 25, 21, 21, 21, 21, 21, 25, 25, 25, 27, 27, 27, 21, 21, 25, 25, 25, 27, 27, 27, 27, 27]), ([27, 11, 25, 22], [11, 11, 11, 11, 11, 11, 22, 22, 25, 11, 11, 11, 11, 11, 22, 22, 25, 25, 25, 27, 22, 22, 22, 22, 25, 25, 25, 27, 27, 27, 22, 22, 25, 25, 25, 27, 27, 27, 27, 27]), ([27, 11, 25, 21], [11, 11, 11, 11, 11, 11, 21, 21, 25, 11, 11, 11, 11, 21, 21, 21, 25, 25, 25, 21, 21, 21, 21, 21, 25, 25, 25, 27, 27, 27, 21, 21, 25, 25, 25, 27, 27, 27, 27, 27]), ([27, 11, 25, 22], [11, 11, 11, 11, 11, 11, 22, 22, 25, 11, 11, 11, 11, 11, 22, 22, 25, 25, 25, 27, 22, 22, 22, 22, 25, 25, 25, 27, 27, 27, 22, 22, 25, 25, 25, 27, 27, 27, 27, 27]), ([27, 11, 25, 21], [11, 11, 11, 11, 11, 11, 21, 21, 25, 11, 11, 11, 11, 21, 21, 21, 25, 25, 25, 21, 21, 21, 21, 21, 25, 25, 25, 27, 27, 27, 21, 21, 25, 25, 25, 27, 27, 27, 27, 27]), ([27, 11, 25, 22], [11, 11, 11, 11, 11, 11, 22, 22, 25, 11, 11, 11, 11, 11, 22, 22, 25, 25, 25, 27, 22, 22, 22, 22, 25, 25, 25, 27, 27, 27, 22, 22, 25, 25, 25, 27, 27, 27, 27, 27]), ([27, 11, 25, 21], [11, 11, 11, 11, 11, 11, 21, 21, 25, 11, 11, 11, 11, 21, 21, 21, 25, 25, 25, 21, 21, 21, 21, 21, 25, 25, 25, 27, 27, 27, 21, 21, 25, 25, 25, 27, 27, 27, 27, 27]), ([27, 11, 25, 22], [11, 11, 11, 11, 11, 11, 22, 22, 25, 11, 11, 11, 11, 11, 22, 22, 25, 25, 25, 27, 22, 22, 22, 22, 25, 25, 25, 27, 27, 27, 22, 22, 25, 25, 25, 27, 27, 27, 27, 27])

Solution for n=50, p=2 :
Best Hubs  : 35, 15
Objective  : 178875.75
Allocation : 15, 15, 15, 15, 15, 15, 15, 15, 15, 15, 15, 15, 15, 15, 15, 15, 15, 15, 15, 15, 15, 35, 35, 35, 15, 35, 35, 35, 35, 35, 35, 35, 35, 35, 35, 35, 35, 35, 35, 35, 35, 35, 35, 35, 35, 35, 35, 35, 35, 35
The time use for run code in 50 node and 2 hubs is: 5.33 seconds
Path       : ([0, 35], [0, 0, 0, 0, 0, 35, 35, 35, 35, 35, 35, 35, 35, 35, 35, 35, 35, 35, 35, 35, 35, 35, 35, 35, 35, 35, 35, 35, 35, 35, 35, 35, 35, 35, 35, 35, 35, 35, 35, 35, 35, 35, 35, 35, 35, 35, 35, 35, 35, 35]), ([35, 13], [13, 13, 13, 13, 13, 13, 13, 13, 13, 13, 13, 13, 13, 13, 13, 13, 13, 13, 13, 35, 13, 13, 35, 35, 35, 35, 35, 35, 35, 35, 35, 35, 35, 35, 35, 35, 35, 35, 35, 35, 35, 35, 35, 35, 35, 35, 35, 35, 35, 35]), ([13, 34], [13, 13, 13, 13, 13, 13, 13, 13, 13, 13, 13, 13, 13, 13, 13, 13, 13, 13, 13, 13, 13, 13, 34, 34, 13, 34, 34, 34, 34, 34, 34, 34, 34, 34, 34, 34, 34, 34, 34, 34, 34, 34, 34, 34, 34, 34, 34, 34, 34, 34]), ([34, 14], [14, 14, 14, 14, 14, 14, 14, 14, 14, 14, 14, 14, 14, 14, 14, 14, 14, 14, 14, 14, 14, 34, 34, 34, 14, 34, 34, 34, 34, 34, 34, 34, 34, 34, 34, 34, 34, 34, 34, 34, 34, 34, 34, 34, 34, 34, 34, 34, 34, 34]), ([34, 13], [13, 13, 13, 13, 13, 13, 13, 13, 13, 13, 13, 13, 13, 13, 13, 13, 13, 13, 13, 13, 13, 13, 34, 34, 13, 34, 34, 34, 34, 34, 34, 34, 34, 34, 34, 34, 34, 34, 34, 34, 34, 34, 34, 34, 34, 34, 34, 34, 34, 34]), ([34, 14], [14, 14, 14, 14, 14, 14, 14, 14, 14, 14, 14, 14, 14, 14, 14, 14, 14, 14, 14, 14, 14, 34, 34, 34, 14, 34, 34, 34, 34, 34, 34, 34, 34, 34, 34, 34, 34, 34, 34, 34, 34, 34, 34, 34, 34, 34, 34, 34, 34, 34]), ([34, 13], [13, 13, 13, 13, 13, 13, 13, 13, 13, 13, 13, 13, 13, 13, 13, 13, 13, 13, 13, 13, 13, 13, 34, 34, 13, 34, 34, 34, 34, 34, 34, 34, 34, 34, 34, 34, 34, 34, 34, 34, 34, 34, 34, 34, 34, 34, 34, 34, 34, 34]), ([34, 14], [14, 14, 14, 14, 14, 14, 14, 14, 14, 14, 14, 14, 14, 14, 14, 14, 14, 14, 14, 14, 14, 34, 34, 34, 14, 34, 34, 34, 34, 34, 34, 34, 34, 34, 34, 34, 34, 34, 34, 34, 34, 34, 34, 34, 34, 34, 34, 34, 34, 34]), ([34, 13], [13, 13, 13, 13, 13, 13, 13, 13, 13, 13, 13, 13, 13, 13, 13, 13, 13, 13, 13, 13, 13, 13, 34, 34, 13, 34, 34, 34, 34, 34, 34, 34, 34, 34, 34, 34, 34, 34, 34, 34, 34, 34, 34, 34, 34, 34, 34, 34, 34, 34]), ([34, 14], [14, 14, 14, 14, 14, 14, 14, 14, 14, 14, 14, 14, 14, 14, 14, 14, 14, 14, 14, 14, 14, 34, 34, 34, 14, 34, 34, 34, 34, 34, 34, 34, 34, 34, 34, 34, 34, 34, 34, 34, 34, 34, 34, 34, 34, 34, 34, 34, 34, 34]), ([34, 13], [13, 13, 13, 13, 13, 13, 13, 13, 13, 13, 13, 13, 13, 13, 13, 13, 13, 13, 13, 13, 13, 13, 34, 34, 13, 34, 34, 34, 34, 34, 34, 34, 34, 34, 34, 34, 34, 34, 34, 34, 34, 34, 34, 34, 34, 34, 34, 34, 34, 34]), ([34, 14], [14, 14, 14, 14, 14, 14, 14, 14, 14, 14, 14, 14, 14, 14, 14, 14, 14, 14, 14, 14, 14, 34, 34, 34, 14, 34, 34, 34, 34, 34, 34, 34, 34, 34, 34, 34, 34, 34, 34, 34, 34, 34, 34, 34, 34, 34, 34, 34, 34, 34]), ([34, 13], [13, 13, 13, 13, 13, 13, 13, 13, 13, 13, 13, 13, 13, 13, 13, 13, 13, 13, 13, 13, 13, 13, 34, 34, 13, 34, 34, 34, 34, 34, 34, 34, 34, 34, 34, 34, 34, 34, 34, 34, 34, 34, 34, 34, 34, 34, 34, 34, 34, 34]), ([34, 14], [14, 14, 14, 14, 14, 14, 14, 14, 14, 14, 14, 14, 14, 14, 14, 14, 14, 14, 14, 14, 14, 34, 34, 34, 14, 34, 34, 34, 34, 34, 34, 34, 34, 34, 34, 34, 34, 34, 34, 34, 34, 34, 34, 34, 34, 34, 34, 34, 34, 34]), ([34, 13], [13, 13, 13, 13, 13, 13, 13, 13, 13, 13, 13, 13, 13, 13, 13, 13, 13, 13, 13, 13, 13, 13, 34, 34, 13, 34, 34, 34, 34, 34, 34, 34, 34, 34, 34, 34, 34, 34, 34, 34, 34, 34, 34, 34, 34, 34, 34, 34, 34, 34]), ([34, 14], [14, 14, 14, 14, 14, 14, 14, 14, 14, 14, 14, 14, 14, 14, 14, 14, 14, 14, 14, 14, 14, 34, 34, 34, 14, 34, 34, 34, 34, 34, 34, 34, 34, 34, 34, 34, 34, 34, 34, 34, 34, 34, 34, 34, 34, 34, 34, 34, 34, 34]), ([34, 13], [13, 13, 13, 13, 13, 13, 13, 13, 13, 13, 13, 13, 13, 13, 13, 13, 13, 13, 13, 13, 13, 13, 34, 34, 13, 34, 34, 34, 34, 34, 34, 34, 34, 34, 34, 34, 34, 34, 34, 34, 34, 34, 34, 34, 34, 34, 34, 34, 34, 34]), ([34, 14], [14, 14, 14, 14, 14, 14, 14, 14, 14, 14, 14, 14, 14, 14, 14, 14, 14, 14, 14, 14, 14, 34, 34, 34, 14, 34, 34, 34, 34, 34, 34, 34, 34, 34, 34, 34, 34, 34, 34, 34, 34, 34, 34, 34, 34, 34, 34, 34, 34, 34]), ([34, 13], [13, 13, 13, 13, 13, 13, 13, 13, 13, 13, 13, 13, 13, 13, 13, 13, 13, 13, 13, 13, 13, 13, 34, 34, 13, 34, 34, 34, 34, 34, 34, 34, 34, 34, 34, 34, 34, 34, 34, 34, 34, 34, 34, 34, 34, 34, 34, 34, 34, 34]), ([34, 14], [14, 14, 14, 14, 14, 14, 14, 14, 14, 14, 14, 14, 14, 14, 14, 14, 14, 14, 14, 14, 14, 34, 34, 34, 14, 34, 34, 34, 34, 34, 34, 34, 34, 34, 34, 34, 34, 34, 34, 34, 34, 34, 34, 34, 34, 34, 34, 34, 34, 34]), ([34, 13], [13, 13, 13, 13, 13, 13, 13, 13, 13, 13, 13, 13, 13, 13, 13, 13, 13, 13, 13, 13, 13, 13, 34, 34, 13, 34, 34, 34, 34, 34, 34, 34, 34, 34, 34, 34, 34, 34, 34, 34, 34, 34, 34, 34, 34, 34, 34, 34, 34, 34]), ([34, 14], [14, 14, 14, 14, 14, 14, 14, 14, 14, 14, 14, 14, 14, 14, 14, 14, 14, 14, 14, 14, 14, 34, 34, 34, 14, 34, 34, 34, 34, 34, 34, 34, 34, 34, 34, 34, 34, 34, 34, 34, 34, 34, 34, 34, 34, 34, 34, 34, 34, 34]), ([34, 13], [13, 13, 13, 13, 13, 13, 13, 13, 13, 13, 13, 13, 13, 13, 13, 13, 13, 13, 13, 13, 13, 13, 34, 34, 13, 34, 34, 34, 34, 34, 34, 34, 34, 34, 34, 34, 34, 34, 34, 34, 34, 34, 34, 34, 34, 34, 34, 34, 34, 34]), ([34, 14], [14, 14, 14, 14, 14, 14, 14, 14, 14, 14, 14, 14, 14, 14, 14, 14, 14, 14, 14, 14, 14, 34, 34, 34, 14, 34, 34, 34, 34, 34, 34, 34, 34, 34, 34, 34, 34, 34, 34, 34, 34, 34, 34, 34, 34, 34, 34, 34, 34, 34]), ([34, 13], [13, 13, 13, 13, 13, 13, 13, 13, 13, 13, 13, 13, 13, 13, 13, 13, 13, 13, 13, 13, 13, 13, 34, 34, 13, 34, 34, 34, 34, 34, 34, 34, 34, 34, 34, 34, 34, 34, 34, 34, 34, 34, 34, 34, 34, 34, 34, 34, 34, 34]), ([34, 14], [14, 14, 14, 14, 14, 14, 14, 14, 14, 14, 14, 14, 14, 14, 14, 14, 14, 14, 14, 14, 14, 34, 34, 34, 14, 34, 34, 34, 34, 34, 34, 34, 34, 34, 34, 34, 34, 34, 34, 34, 34, 34, 34, 34, 34, 34, 34, 34, 34, 34]), ([34, 13], [13, 13, 13, 13, 13, 13, 13, 13, 13, 13, 13, 13, 13, 13, 13, 13, 13, 13, 13, 13, 13, 13, 34, 34, 13, 34, 34, 34, 34, 34, 34, 34, 34, 34, 34, 34, 34, 34, 34, 34, 34, 34, 34, 34, 34, 34, 34, 34, 34, 34]), ([34, 14], [14, 14, 14, 14, 14, 14, 14, 14, 14, 14, 14, 14, 14, 14, 14, 14, 14, 14, 14, 14, 14, 34, 34, 34, 14, 34, 34, 34, 34, 34, 34, 34, 34, 34, 34, 34, 34, 34, 34, 34, 34, 34, 34, 34, 34, 34, 34, 34, 34, 34]), ([34, 13], [13, 13, 13, 13, 13, 13, 13, 13, 13, 13, 13, 13, 13, 13, 13, 13, 13, 13, 13, 13, 13, 13, 34, 34, 13, 34, 34, 34, 34, 34, 34, 34, 34, 34, 34, 34, 34, 34, 34, 34, 34, 34, 34, 34, 34, 34, 34, 34, 34, 34]), ([34, 14], [14, 14, 14, 14, 14, 14, 14, 14, 14, 14, 14, 14, 14, 14, 14, 14, 14, 14, 14, 14, 14, 34, 34, 34, 14, 34, 34, 34, 34, 34, 34, 34, 34, 34, 34, 34, 34, 34, 34, 34, 34, 34, 34, 34, 34, 34, 34, 34, 34, 34])

Solution for n=50, p=3 :
Best Hubs  : 14, 28, 35
Objective  : 159236.73
Allocation : 14, 14, 14, 14, 14, 14, 14, 14, 28, 28, 14, 14, 14, 14, 14, 14, 14, 28, 28, 28, 14, 14, 35, 35, 28, 28, 28, 28, 28, 28, 35, 35, 35, 35, 35, 35, 35, 35, 28, 28, 35, 35, 35, 35, 35, 35, 35, 35, 35, 35
The time use for run code in 50 node and 3 hubs is: 7.78 seconds
Path       : ([0, 19, 35], [0, 0, 0, 0, 0, 35, 19, 19, 19, 19, 35, 35, 35, 35, 35, 35, 19, 19, 19, 19, 35, 35, 35, 35, 35, 35, 35, 35, 19, 19, 35, 35, 35, 35, 35, 35, 35, 35, 35, 19, 35, 35, 35, 35, 35, 35, 35, 35, 35, 35]), ([19, 35, 13], [13, 13, 13, 13, 13, 13, 13, 19, 19, 19, 13, 13, 13, 13, 13, 13, 13, 13, 19, 19, 13, 13, 35, 35, 35, 35, 35, 35, 19, 19, 35, 35, 35, 35, 35, 35, 35, 35, 35, 19, 35, 35, 35, 35, 35, 35, 35, 35, 35, 35]), ([35, 13, 27], [13, 13, 13, 13, 13, 13, 13, 13, 27, 27, 13, 13, 13, 13, 13, 13, 13, 27, 27, 27, 13, 13, 35, 35, 27, 27, 27, 27, 27, 27, 35, 35, 35, 35, 35, 35, 35, 35, 27, 27, 35, 35, 35, 35, 35, 35, 35, 35, 35, 35]), ([13, 27, 34], [13, 13, 13, 13, 13, 13, 13, 13, 27, 27, 13, 13, 13, 13, 13, 13, 13, 27, 27, 27, 13, 13, 34, 34, 27, 27, 27, 27, 27, 27, 34, 34, 34, 34, 34, 34, 34, 34, 27, 27, 34, 34, 34, 34, 34, 34, 34, 34, 34, 34]), ([13, 34, 26], [13, 13, 13, 13, 13, 13, 13, 13, 26, 26, 13, 13, 13, 13, 13, 13, 13, 26, 26, 26, 13, 13, 34, 26, 26, 26, 26, 26, 26, 26, 34, 34, 34, 34, 34, 34, 34, 34, 26, 26, 34, 34, 34, 34, 34, 34, 34, 34, 34, 34]), ([13, 34, 27], [13, 13, 13, 13, 13, 13, 13, 13, 27, 27, 13, 13, 13, 13, 13, 13, 13, 27, 27, 27, 13, 13, 34, 34, 27, 27, 27, 27, 27, 27, 34, 34, 34, 34, 34, 34, 34, 34, 27, 27, 34, 34, 34, 34, 34, 34, 34, 34, 34, 34]), ([13, 34, 26], [13, 13, 13, 13, 13, 13, 13, 13, 26, 26, 13, 13, 13, 13, 13, 13, 13, 26, 26, 26, 13, 13, 34, 26, 26, 26, 26, 26, 26, 26, 34, 34, 34, 34, 34, 34, 34, 34, 26, 26, 34, 34, 34, 34, 34, 34, 34, 34, 34, 34]), ([13, 34, 27], [13, 13, 13, 13, 13, 13, 13, 13, 27, 27, 13, 13, 13, 13, 13, 13, 13, 27, 27, 27, 13, 13, 34, 34, 27, 27, 27, 27, 27, 27, 34, 34, 34, 34, 34, 34, 34, 34, 27, 27, 34, 34, 34, 34, 34, 34, 34, 34, 34, 34]), ([13, 34, 26], [13, 13, 13, 13, 13, 13, 13, 13, 26, 26, 13, 13, 13, 13, 13, 13, 13, 26, 26, 26, 13, 13, 34, 26, 26, 26, 26, 26, 26, 26, 34, 34, 34, 34, 34, 34, 34, 34, 26, 26, 34, 34, 34, 34, 34, 34, 34, 34, 34, 34]), ([13, 34, 27], [13, 13, 13, 13, 13, 13, 13, 13, 27, 27, 13, 13, 13, 13, 13, 13, 13, 27, 27, 27, 13, 13, 34, 34, 27, 27, 27, 27, 27, 27, 34, 34, 34, 34, 34, 34, 34, 34, 27, 27, 34, 34, 34, 34, 34, 34, 34, 34, 34, 34]), ([13, 34, 26], [13, 13, 13, 13, 13, 13, 13, 13, 26, 26, 13, 13, 13, 13, 13, 13, 13, 26, 26, 26, 13, 13, 34, 26, 26, 26, 26, 26, 26, 26, 34, 34, 34, 34, 34, 34, 34, 34, 26, 26, 34, 34, 34, 34, 34, 34, 34, 34, 34, 34]), ([13, 34, 27], [13, 13, 13, 13, 13, 13, 13, 13, 27, 27, 13, 13, 13, 13, 13, 13, 13, 27, 27, 27, 13, 13, 34, 34, 27, 27, 27, 27, 27, 27, 34, 34, 34, 34, 34, 34, 34, 34, 27, 27, 34, 34, 34, 34, 34, 34, 34, 34, 34, 34]), ([13, 34, 26], [13, 13, 13, 13, 13, 13, 13, 13, 26, 26, 13, 13, 13, 13, 13, 13, 13, 26, 26, 26, 13, 13, 34, 26, 26, 26, 26, 26, 26, 26, 34, 34, 34, 34, 34, 34, 34, 34, 26, 26, 34, 34, 34, 34, 34, 34, 34, 34, 34, 34]), ([13, 34, 27], [13, 13, 13, 13, 13, 13, 13, 13, 27, 27, 13, 13, 13, 13, 13, 13, 13, 27, 27, 27, 13, 13, 34, 34, 27, 27, 27, 27, 27, 27, 34, 34, 34, 34, 34, 34, 34, 34, 27, 27, 34, 34, 34, 34, 34, 34, 34, 34, 34, 34]), ([13, 34, 26], [13, 13, 13, 13, 13, 13, 13, 13, 26, 26, 13, 13, 13, 13, 13, 13, 13, 26, 26, 26, 13, 13, 34, 26, 26, 26, 26, 26, 26, 26, 34, 34, 34, 34, 34, 34, 34, 34, 26, 26, 34, 34, 34, 34, 34, 34, 34, 34, 34, 34]), ([13, 34, 27], [13, 13, 13, 13, 13, 13, 13, 13, 27, 27, 13, 13, 13, 13, 13, 13, 13, 27, 27, 27, 13, 13, 34, 34, 27, 27, 27, 27, 27, 27, 34, 34, 34, 34, 34, 34, 34, 34, 27, 27, 34, 34, 34, 34, 34, 34, 34, 34, 34, 34]), ([13, 34, 26], [13, 13, 13, 13, 13, 13, 13, 13, 26, 26, 13, 13, 13, 13, 13, 13, 13, 26, 26, 26, 13, 13, 34, 26, 26, 26, 26, 26, 26, 26, 34, 34, 34, 34, 34, 34, 34, 34, 26, 26, 34, 34, 34, 34, 34, 34, 34, 34, 34, 34]), ([13, 34, 27], [13, 13, 13, 13, 13, 13, 13, 13, 27, 27, 13, 13, 13, 13, 13, 13, 13, 27, 27, 27, 13, 13, 34, 34, 27, 27, 27, 27, 27, 27, 34, 34, 34, 34, 34, 34, 34, 34, 27, 27, 34, 34, 34, 34, 34, 34, 34, 34, 34, 34]), ([13, 34, 26], [13, 13, 13, 13, 13, 13, 13, 13, 26, 26, 13, 13, 13, 13, 13, 13, 13, 26, 26, 26, 13, 13, 34, 26, 26, 26, 26, 26, 26, 26, 34, 34, 34, 34, 34, 34, 34, 34, 26, 26, 34, 34, 34, 34, 34, 34, 34, 34, 34, 34]), ([13, 34, 27], [13, 13, 13, 13, 13, 13, 13, 13, 27, 27, 13, 13, 13, 13, 13, 13, 13, 27, 27, 27, 13, 13, 34, 34, 27, 27, 27, 27, 27, 27, 34, 34, 34, 34, 34, 34, 34, 34, 27, 27, 34, 34, 34, 34, 34, 34, 34, 34, 34, 34]), ([13, 34, 26], [13, 13, 13, 13, 13, 13, 13, 13, 26, 26, 13, 13, 13, 13, 13, 13, 13, 26, 26, 26, 13, 13, 34, 26, 26, 26, 26, 26, 26, 26, 34, 34, 34, 34, 34, 34, 34, 34, 26, 26, 34, 34, 34, 34, 34, 34, 34, 34, 34, 34]), ([13, 34, 27], [13, 13, 13, 13, 13, 13, 13, 13, 27, 27, 13, 13, 13, 13, 13, 13, 13, 27, 27, 27, 13, 13, 34, 34, 27, 27, 27, 27, 27, 27, 34, 34, 34, 34, 34, 34, 34, 34, 27, 27, 34, 34, 34, 34, 34, 34, 34, 34, 34, 34]), ([13, 34, 26], [13, 13, 13, 13, 13, 13, 13, 13, 26, 26, 13, 13, 13, 13, 13, 13, 13, 26, 26, 26, 13, 13, 34, 26, 26, 26, 26, 26, 26, 26, 34, 34, 34, 34, 34, 34, 34, 34, 26, 26, 34, 34, 34, 34, 34, 34, 34, 34, 34, 34]), ([13, 34, 27], [13, 13, 13, 13, 13, 13, 13, 13, 27, 27, 13, 13, 13, 13, 13, 13, 13, 27, 27, 27, 13, 13, 34, 34, 27, 27, 27, 27, 27, 27, 34, 34, 34, 34, 34, 34, 34, 34, 27, 27, 34, 34, 34, 34, 34, 34, 34, 34, 34, 34]), ([13, 34, 26], [13, 13, 13, 13, 13, 13, 13, 13, 26, 26, 13, 13, 13, 13, 13, 13, 13, 26, 26, 26, 13, 13, 34, 26, 26, 26, 26, 26, 26, 26, 34, 34, 34, 34, 34, 34, 34, 34, 26, 26, 34, 34, 34, 34, 34, 34, 34, 34, 34, 34]), ([13, 34, 27], [13, 13, 13, 13, 13, 13, 13, 13, 27, 27, 13, 13, 13, 13, 13, 13, 13, 27, 27, 27, 13, 13, 34, 34, 27, 27, 27, 27, 27, 27, 34, 34, 34, 34, 34, 34, 34, 34, 27, 27, 34, 34, 34, 34, 34, 34, 34, 34, 34, 34]), ([13, 34, 26], [13, 13, 13, 13, 13, 13, 13, 13, 26, 26, 13, 13, 13, 13, 13, 13, 13, 26, 26, 26, 13, 13, 34, 26, 26, 26, 26, 26, 26, 26, 34, 34, 34, 34, 34, 34, 34, 34, 26, 26, 34, 34, 34, 34, 34, 34, 34, 34, 34, 34]), ([13, 34, 27], [13, 13, 13, 13, 13, 13, 13, 13, 27, 27, 13, 13, 13, 13, 13, 13, 13, 27, 27, 27, 13, 13, 34, 34, 27, 27, 27, 27, 27, 27, 34, 34, 34, 34, 34, 34, 34, 34, 27, 27, 34, 34, 34, 34, 34, 34, 34, 34, 34, 34]), ([13, 34, 26], [13, 13, 13, 13, 13, 13, 13, 13, 26, 26, 13, 13, 13, 13, 13, 13, 13, 26, 26, 26, 13, 13, 34, 26, 26, 26, 26, 26, 26, 26, 34, 34, 34, 34, 34, 34, 34, 34, 26, 26, 34, 34, 34, 34, 34, 34, 34, 34, 34, 34]), ([13, 34, 27], [13, 13, 13, 13, 13, 13, 13, 13, 27, 27, 13, 13, 13, 13, 13, 13, 13, 27, 27, 27, 13, 13, 34, 34, 27, 27, 27, 27, 27, 27, 34, 34, 34, 34, 34, 34, 34, 34, 27, 27, 34, 34, 34, 34, 34, 34, 34, 34, 34, 34])

Solution for n=50, p=4 :
Best Hubs  : 35, 14, 32, 28
Objective  : 143670.12
Allocation : 14, 14, 14, 14, 14, 14, 14, 14, 28, 28, 32, 14, 14, 14, 14, 14, 14, 28, 28, 28, 32, 32, 32, 32, 28, 28, 28, 28, 28, 28, 32, 32, 32, 35, 35, 35, 35, 35, 28, 28, 32, 32, 32, 32, 35, 35, 35, 35, 35, 35
The time use for run code in 50 node and 4 hubs is: 10.25 seconds
Path       : ([0, 19, 26, 34], [0, 0, 26, 0, 0, 26, 26, 19, 19, 19, 34, 34, 26, 26, 26, 26, 26, 26, 26, 19, 34, 34, 34, 26, 26, 26, 26, 26, 26, 19, 34, 34, 34, 34, 34, 34, 34, 34, 26, 19, 34, 34, 34, 34, 34, 34, 34, 34, 34, 34]), ([19, 26, 34, 13], [13, 13, 13, 13, 13, 13, 13, 19, 19, 19, 13, 13, 13, 13, 13, 13, 13, 26, 26, 19, 13, 13, 34, 26, 26, 26, 26, 26, 26, 19, 34, 34, 34, 34, 34, 34, 34, 34, 26, 19, 34, 34, 34, 34, 34, 34, 34, 34, 34, 34]), ([26, 34, 13, 31], [13, 13, 13, 13, 13, 13, 13, 13, 26, 26, 31, 13, 13, 13, 13, 13, 13, 26, 26, 26, 31, 31, 31, 26, 26, 26, 26, 26, 26, 26, 31, 31, 31, 34, 34, 34, 34, 34, 26, 26, 31, 31, 31, 31, 34, 34, 34, 34, 34, 34]), ([34, 13, 31, 27], [13, 13, 13, 13, 13, 13, 13, 13, 27, 27, 31, 13, 13, 13, 13, 13, 13, 27, 27, 27, 31, 31, 31, 31, 27, 27, 27, 27, 27, 27, 31, 31, 31, 34, 34, 34, 34, 34, 27, 27, 31, 31, 31, 31, 34, 34, 34, 34, 34, 34]), ([34, 13, 27, 32], [13, 13, 13, 13, 13, 13, 13, 13, 27, 27, 13, 13, 13, 13, 13, 13, 13, 27, 27, 27, 32, 32, 32, 32, 27, 27, 27, 27, 27, 27, 32, 32, 32, 32, 34, 34, 34, 34, 27, 27, 32, 32, 32, 32, 34, 34, 34, 34, 34, 34]), ([34, 13, 27, 31], [13, 13, 13, 13, 13, 13, 13, 13, 27, 27, 31, 13, 13, 13, 13, 13, 13, 27, 27, 27, 31, 31, 31, 31, 27, 27, 27, 27, 27, 27, 31, 31, 31, 34, 34, 34, 34, 34, 27, 27, 31, 31, 31, 31, 34, 34, 34, 34, 34, 34]), ([34, 13, 27, 32], [13, 13, 13, 13, 13, 13, 13, 13, 27, 27, 13, 13, 13, 13, 13, 13, 13, 27, 27, 27, 32, 32, 32, 32, 27, 27, 27, 27, 27, 27, 32, 32, 32, 32, 34, 34, 34, 34, 27, 27, 32, 32, 32, 32, 34, 34, 34, 34, 34, 34]), ([34, 13, 27, 31], [13, 13, 13, 13, 13, 13, 13, 13, 27, 27, 31, 13, 13, 13, 13, 13, 13, 27, 27, 27, 31, 31, 31, 31, 27, 27, 27, 27, 27, 27, 31, 31, 31, 34, 34, 34, 34, 34, 27, 27, 31, 31, 31, 31, 34, 34, 34, 34, 34, 34]), ([34, 13, 27, 32], [13, 13, 13, 13, 13, 13, 13, 13, 27, 27, 13, 13, 13, 13, 13, 13, 13, 27, 27, 27, 32, 32, 32, 32, 27, 27, 27, 27, 27, 27, 32, 32, 32, 32, 34, 34, 34, 34, 27, 27, 32, 32, 32, 32, 34, 34, 34, 34, 34, 34]), ([34, 13, 27, 31], [13, 13, 13, 13, 13, 13, 13, 13, 27, 27, 31, 13, 13, 13, 13, 13, 13, 27, 27, 27, 31, 31, 31, 31, 27, 27, 27, 27, 27, 27, 31, 31, 31, 34, 34, 34, 34, 34, 27, 27, 31, 31, 31, 31, 34, 34, 34, 34, 34, 34]), ([34, 13, 27, 32], [13, 13, 13, 13, 13, 13, 13, 13, 27, 27, 13, 13, 13, 13, 13, 13, 13, 27, 27, 27, 32, 32, 32, 32, 27, 27, 27, 27, 27, 27, 32, 32, 32, 32, 34, 34, 34, 34, 27, 27, 32, 32, 32, 32, 34, 34, 34, 34, 34, 34]), ([34, 13, 27, 31], [13, 13, 13, 13, 13, 13, 13, 13, 27, 27, 31, 13, 13, 13, 13, 13, 13, 27, 27, 27, 31, 31, 31, 31, 27, 27, 27, 27, 27, 27, 31, 31, 31, 34, 34, 34, 34, 34, 27, 27, 31, 31, 31, 31, 34, 34, 34, 34, 34, 34]), ([34, 13, 27, 32], [13, 13, 13, 13, 13, 13, 13, 13, 27, 27, 13, 13, 13, 13, 13, 13, 13, 27, 27, 27, 32, 32, 32, 32, 27, 27, 27, 27, 27, 27, 32, 32, 32, 32, 34, 34, 34, 34, 27, 27, 32, 32, 32, 32, 34, 34, 34, 34, 34, 34]), ([34, 13, 27, 31], [13, 13, 13, 13, 13, 13, 13, 13, 27, 27, 31, 13, 13, 13, 13, 13, 13, 27, 27, 27, 31, 31, 31, 31, 27, 27, 27, 27, 27, 27, 31, 31, 31, 34, 34, 34, 34, 34, 27, 27, 31, 31, 31, 31, 34, 34, 34, 34, 34, 34]), ([34, 13, 27, 32], [13, 13, 13, 13, 13, 13, 13, 13, 27, 27, 13, 13, 13, 13, 13, 13, 13, 27, 27, 27, 32, 32, 32, 32, 27, 27, 27, 27, 27, 27, 32, 32, 32, 32, 34, 34, 34, 34, 27, 27, 32, 32, 32, 32, 34, 34, 34, 34, 34, 34]), ([34, 13, 27, 31], [13, 13, 13, 13, 13, 13, 13, 13, 27, 27, 31, 13, 13, 13, 13, 13, 13, 27, 27, 27, 31, 31, 31, 31, 27, 27, 27, 27, 27, 27, 31, 31, 31, 34, 34, 34, 34, 34, 27, 27, 31, 31, 31, 31, 34, 34, 34, 34, 34, 34]), ([34, 13, 27, 32], [13, 13, 13, 13, 13, 13, 13, 13, 27, 27, 13, 13, 13, 13, 13, 13, 13, 27, 27, 27, 32, 32, 32, 32, 27, 27, 27, 27, 27, 27, 32, 32, 32, 32, 34, 34, 34, 34, 27, 27, 32, 32, 32, 32, 34, 34, 34, 34, 34, 34]), ([34, 13, 27, 31], [13, 13, 13, 13, 13, 13, 13, 13, 27, 27, 31, 13, 13, 13, 13, 13, 13, 27, 27, 27, 31, 31, 31, 31, 27, 27, 27, 27, 27, 27, 31, 31, 31, 34, 34, 34, 34, 34, 27, 27, 31, 31, 31, 31, 34, 34, 34, 34, 34, 34]), ([34, 13, 27, 32], [13, 13, 13, 13, 13, 13, 13, 13, 27, 27, 13, 13, 13, 13, 13, 13, 13, 27, 27, 27, 32, 32, 32, 32, 27, 27, 27, 27, 27, 27, 32, 32, 32, 32, 34, 34, 34, 34, 27, 27, 32, 32, 32, 32, 34, 34, 34, 34, 34, 34]), ([34, 13, 27, 31], [13, 13, 13, 13, 13, 13, 13, 13, 27, 27, 31, 13, 13, 13, 13, 13, 13, 27, 27, 27, 31, 31, 31, 31, 27, 27, 27, 27, 27, 27, 31, 31, 31, 34, 34, 34, 34, 34, 27, 27, 31, 31, 31, 31, 34, 34, 34, 34, 34, 34]), ([34, 13, 27, 32], [13, 13, 13, 13, 13, 13, 13, 13, 27, 27, 13, 13, 13, 13, 13, 13, 13, 27, 27, 27, 32, 32, 32, 32, 27, 27, 27, 27, 27, 27, 32, 32, 32, 32, 34, 34, 34, 34, 27, 27, 32, 32, 32, 32, 34, 34, 34, 34, 34, 34]), ([34, 13, 27, 31], [13, 13, 13, 13, 13, 13, 13, 13, 27, 27, 31, 13, 13, 13, 13, 13, 13, 27, 27, 27, 31, 31, 31, 31, 27, 27, 27, 27, 27, 27, 31, 31, 31, 34, 34, 34, 34, 34, 27, 27, 31, 31, 31, 31, 34, 34, 34, 34, 34, 34]), ([34, 13, 27, 32], [13, 13, 13, 13, 13, 13, 13, 13, 27, 27, 13, 13, 13, 13, 13, 13, 13, 27, 27, 27, 32, 32, 32, 32, 27, 27, 27, 27, 27, 27, 32, 32, 32, 32, 34, 34, 34, 34, 27, 27, 32, 32, 32, 32, 34, 34, 34, 34, 34, 34]), ([34, 13, 27, 31], [13, 13, 13, 13, 13, 13, 13, 13, 27, 27, 31, 13, 13, 13, 13, 13, 13, 27, 27, 27, 31, 31, 31, 31, 27, 27, 27, 27, 27, 27, 31, 31, 31, 34, 34, 34, 34, 34, 27, 27, 31, 31, 31, 31, 34, 34, 34, 34, 34, 34]), ([34, 13, 27, 32], [13, 13, 13, 13, 13, 13, 13, 13, 27, 27, 13, 13, 13, 13, 13, 13, 13, 27, 27, 27, 32, 32, 32, 32, 27, 27, 27, 27, 27, 27, 32, 32, 32, 32, 34, 34, 34, 34, 27, 27, 32, 32, 32, 32, 34, 34, 34, 34, 34, 34]), ([34, 13, 27, 31], [13, 13, 13, 13, 13, 13, 13, 13, 27, 27, 31, 13, 13, 13, 13, 13, 13, 27, 27, 27, 31, 31, 31, 31, 27, 27, 27, 27, 27, 27, 31, 31, 31, 34, 34, 34, 34, 34, 27, 27, 31, 31, 31, 31, 34, 34, 34, 34, 34, 34]), ([34, 13, 27, 32], [13, 13, 13, 13, 13, 13, 13, 13, 27, 27, 13, 13, 13, 13, 13, 13, 13, 27, 27, 27, 32, 32, 32, 32, 27, 27, 27, 27, 27, 27, 32, 32, 32, 32, 34, 34, 34, 34, 27, 27, 32, 32, 32, 32, 34, 34, 34, 34, 34, 34]), ([34, 13, 27, 31], [13, 13, 13, 13, 13, 13, 13, 13, 27, 27, 31, 13, 13, 13, 13, 13, 13, 27, 27, 27, 31, 31, 31, 31, 27, 27, 27, 27, 27, 27, 31, 31, 31, 34, 34, 34, 34, 34, 27, 27, 31, 31, 31, 31, 34, 34, 34, 34, 34, 34]), ([34, 13, 27, 32], [13, 13, 13, 13, 13, 13, 13, 13, 27, 27, 13, 13, 13, 13, 13, 13, 13, 27, 27, 27, 32, 32, 32, 32, 27, 27, 27, 27, 27, 27, 32, 32, 32, 32, 34, 34, 34, 34, 27, 27, 32, 32, 32, 32, 34, 34, 34, 34, 34, 34]), ([34, 13, 27, 31], [13, 13, 13, 13, 13, 13, 13, 13, 27, 27, 31, 13, 13, 13, 13, 13, 13, 27, 27, 27, 31, 31, 31, 31, 27, 27, 27, 27, 27, 27, 31, 31, 31, 34, 34, 34, 34, 34, 27, 27, 31, 31, 31, 31, 34, 34, 34, 34, 34, 34])

Solution for n=100, p=2 :
Best Hubs  : 71, 29
Objective  : 181020.37
Allocation : 29, 29, 29, 29, 29, 29, 29, 29, 29, 29, 29, 29, 29, 29, 29, 29, 29, 29, 29, 29, 29, 29, 29, 29, 29, 29, 29, 29, 29, 29, 29, 29, 29, 29, 29, 29, 29, 29, 29, 29, 29, 29, 71, 71, 71, 29, 71, 71, 29, 71, 71, 71, 71, 29, 71, 71, 71, 71, 71, 71, 71, 71, 71, 71, 71, 71, 71, 71, 71, 71, 71, 71, 71, 71, 71, 71, 71, 71, 71, 71, 71, 71, 71, 71, 71, 71, 71, 71, 71, 71, 71, 71, 71, 71, 71, 71, 71, 71, 71, 71
The time use for run code in 100 node and 2 hubs is: 42.96 seconds
Path       : ([4, 70], [4, 4, 4, 4, 4, 4, 4, 4, 4, 4, 4, 4, 4, 4, 4, 4, 4, 4, 4, 4, 4, 70, 4, 70, 70, 70, 4, 4, 4, 70, 70, 70, 4, 70, 70, 70, 70, 70, 70, 70, 4, 70, 70, 70, 70, 70, 70, 70, 70, 70, 70, 70, 70, 70, 70, 70, 70, 70, 70, 70, 70, 70, 70, 70, 70, 70, 70, 70, 70, 70, 70, 70, 70, 70, 70, 70, 70, 70, 70, 70, 70, 70, 70, 70, 70, 70, 70, 70, 70, 70, 70, 70, 70, 70, 70, 70, 70, 70, 70, 70]), ([70, 28], [28, 28, 28, 28, 28, 28, 28, 28, 28, 28, 28, 28, 28, 28, 28, 28, 28, 28, 28, 28, 28, 28, 28, 28, 28, 28, 28, 28, 28, 28, 28, 28, 28, 28, 28, 28, 28, 28, 28, 28, 28, 28, 70, 70, 70, 28, 70, 70, 28, 70, 70, 70, 70, 28, 70, 70, 70, 70, 70, 70, 70, 70, 70, 70, 70, 70, 70, 70, 70, 70, 70, 70, 70, 70, 70, 70, 70, 70, 70, 70, 70, 70, 70, 70, 70, 70, 70, 70, 70, 70, 70, 70, 70, 70, 70, 70, 70, 70, 70, 70]), ([28, 69], [28, 28, 28, 28, 28, 28, 28, 28, 28, 28, 28, 28, 28, 28, 28, 28, 28, 28, 28, 28, 28, 28, 28, 28, 28, 28, 28, 28, 28, 28, 28, 28, 28, 28, 28, 28, 28, 28, 28, 28, 28, 28, 69, 69, 69, 28, 69, 69, 28, 69, 69, 69, 69, 28, 69, 69, 69, 69, 69, 69, 69, 69, 69, 69, 69, 69, 69, 69, 69, 69, 69, 69, 69, 69, 69, 69, 69, 69, 69, 69, 69, 69, 69, 69, 69, 69, 69, 69, 69, 69, 69, 69, 69, 69, 69, 69, 69, 69, 69, 69]), ([28, 70], [28, 28, 28, 28, 28, 28, 28, 28, 28, 28, 28, 28, 28, 28, 28, 28, 28, 28, 28, 28, 28, 28, 28, 28, 28, 28, 28, 28, 28, 28, 28, 28, 28, 28, 28, 28, 28, 28, 28, 28, 28, 28, 70, 70, 70, 28, 70, 70, 28, 70, 70, 70, 70, 28, 70, 70, 70, 70, 70, 70, 70, 70, 70, 70, 70, 70, 70, 70, 70, 70, 70, 70, 70, 70, 70, 70, 70, 70, 70, 70, 70, 70, 70, 70, 70, 70, 70, 70, 70, 70, 70, 70, 70, 70, 70, 70, 70, 70, 70, 70]), ([28, 69], [28, 28, 28, 28, 28, 28, 28, 28, 28, 28, 28, 28, 28, 28, 28, 28, 28, 28, 28, 28, 28, 28, 28, 28, 28, 28, 28, 28, 28, 28, 28, 28, 28, 28, 28, 28, 28, 28, 28, 28, 28, 28, 69, 69, 69, 28, 69, 69, 28, 69, 69, 69, 69, 28, 69, 69, 69, 69, 69, 69, 69, 69, 69, 69, 69, 69, 69, 69, 69, 69, 69, 69, 69, 69, 69, 69, 69, 69, 69, 69, 69, 69, 69, 69, 69, 69, 69, 69, 69, 69, 69, 69, 69, 69, 69, 69, 69, 69, 69, 69]), ([28, 70], [28, 28, 28, 28, 28, 28, 28, 28, 28, 28, 28, 28, 28, 28, 28, 28, 28, 28, 28, 28, 28, 28, 28, 28, 28, 28, 28, 28, 28, 28, 28, 28, 28, 28, 28, 28, 28, 28, 28, 28, 28, 28, 70, 70, 70, 28, 70, 70, 28, 70, 70, 70, 70, 28, 70, 70, 70, 70, 70, 70, 70, 70, 70, 70, 70, 70, 70, 70, 70, 70, 70, 70, 70, 70, 70, 70, 70, 70, 70, 70, 70, 70, 70, 70, 70, 70, 70, 70, 70, 70, 70, 70, 70, 70, 70, 70, 70, 70, 70, 70]), ([28, 69], [28, 28, 28, 28, 28, 28, 28, 28, 28, 28, 28, 28, 28, 28, 28, 28, 28, 28, 28, 28, 28, 28, 28, 28, 28, 28, 28, 28, 28, 28, 28, 28, 28, 28, 28, 28, 28, 28, 28, 28, 28, 28, 69, 69, 69, 28, 69, 69, 28, 69, 69, 69, 69, 28, 69, 69, 69, 69, 69, 69, 69, 69, 69, 69, 69, 69, 69, 69, 69, 69, 69, 69, 69, 69, 69, 69, 69, 69, 69, 69, 69, 69, 69, 69, 69, 69, 69, 69, 69, 69, 69, 69, 69, 69, 69, 69, 69, 69, 69, 69]), ([28, 70], [28, 28, 28, 28, 28, 28, 28, 28, 28, 28, 28, 28, 28, 28, 28, 28, 28, 28, 28, 28, 28, 28, 28, 28, 28, 28, 28, 28, 28, 28, 28, 28, 28, 28, 28, 28, 28, 28, 28, 28, 28, 28, 70, 70, 70, 28, 70, 70, 28, 70, 70, 70, 70, 28, 70, 70, 70, 70, 70, 70, 70, 70, 70, 70, 70, 70, 70, 70, 70, 70, 70, 70, 70, 70, 70, 70, 70, 70, 70, 70, 70, 70, 70, 70, 70, 70, 70, 70, 70, 70, 70, 70, 70, 70, 70, 70, 70, 70, 70, 70]), ([28, 69], [28, 28, 28, 28, 28, 28, 28, 28, 28, 28, 28, 28, 28, 28, 28, 28, 28, 28, 28, 28, 28, 28, 28, 28, 28, 28, 28, 28, 28, 28, 28, 28, 28, 28, 28, 28, 28, 28, 28, 28, 28, 28, 69, 69, 69, 28, 69, 69, 28, 69, 69, 69, 69, 28, 69, 69, 69, 69, 69, 69, 69, 69, 69, 69, 69, 69, 69, 69, 69, 69, 69, 69, 69, 69, 69, 69, 69, 69, 69, 69, 69, 69, 69, 69, 69, 69, 69, 69, 69, 69, 69, 69, 69, 69, 69, 69, 69, 69, 69, 69]), ([28, 70], [28, 28, 28, 28, 28, 28, 28, 28, 28, 28, 28, 28, 28, 28, 28, 28, 28, 28, 28, 28, 28, 28, 28, 28, 28, 28, 28, 28, 28, 28, 28, 28, 28, 28, 28, 28, 28, 28, 28, 28, 28, 28, 70, 70, 70, 28, 70, 70, 28, 70, 70, 70, 70, 28, 70, 70, 70, 70, 70, 70, 70, 70, 70, 70, 70, 70, 70, 70, 70, 70, 70, 70, 70, 70, 70, 70, 70, 70, 70, 70, 70, 70, 70, 70, 70, 70, 70, 70, 70, 70, 70, 70, 70, 70, 70, 70, 70, 70, 70, 70]), ([28, 69], [28, 28, 28, 28, 28, 28, 28, 28, 28, 28, 28, 28, 28, 28, 28, 28, 28, 28, 28, 28, 28, 28, 28, 28, 28, 28, 28, 28, 28, 28, 28, 28, 28, 28, 28, 28, 28, 28, 28, 28, 28, 28, 69, 69, 69, 28, 69, 69, 28, 69, 69, 69, 69, 28, 69, 69, 69, 69, 69, 69, 69, 69, 69, 69, 69, 69, 69, 69, 69, 69, 69, 69, 69, 69, 69, 69, 69, 69, 69, 69, 69, 69, 69, 69, 69, 69, 69, 69, 69, 69, 69, 69, 69, 69, 69, 69, 69, 69, 69, 69]), ([28, 70], [28, 28, 28, 28, 28, 28, 28, 28, 28, 28, 28, 28, 28, 28, 28, 28, 28, 28, 28, 28, 28, 28, 28, 28, 28, 28, 28, 28, 28, 28, 28, 28, 28, 28, 28, 28, 28, 28, 28, 28, 28, 28, 70, 70, 70, 28, 70, 70, 28, 70, 70, 70, 70, 28, 70, 70, 70, 70, 70, 70, 70, 70, 70, 70, 70, 70, 70, 70, 70, 70, 70, 70, 70, 70, 70, 70, 70, 70, 70, 70, 70, 70, 70, 70, 70, 70, 70, 70, 70, 70, 70, 70, 70, 70, 70, 70, 70, 70, 70, 70]), ([28, 69], [28, 28, 28, 28, 28, 28, 28, 28, 28, 28, 28, 28, 28, 28, 28, 28, 28, 28, 28, 28, 28, 28, 28, 28, 28, 28, 28, 28, 28, 28, 28, 28, 28, 28, 28, 28, 28, 28, 28, 28, 28, 28, 69, 69, 69, 28, 69, 69, 28, 69, 69, 69, 69, 28, 69, 69, 69, 69, 69, 69, 69, 69, 69, 69, 69, 69, 69, 69, 69, 69, 69, 69, 69, 69, 69, 69, 69, 69, 69, 69, 69, 69, 69, 69, 69, 69, 69, 69, 69, 69, 69, 69, 69, 69, 69, 69, 69, 69, 69, 69]), ([28, 70], [28, 28, 28, 28, 28, 28, 28, 28, 28, 28, 28, 28, 28, 28, 28, 28, 28, 28, 28, 28, 28, 28, 28, 28, 28, 28, 28, 28, 28, 28, 28, 28, 28, 28, 28, 28, 28, 28, 28, 28, 28, 28, 70, 70, 70, 28, 70, 70, 28, 70, 70, 70, 70, 28, 70, 70, 70, 70, 70, 70, 70, 70, 70, 70, 70, 70, 70, 70, 70, 70, 70, 70, 70, 70, 70, 70, 70, 70, 70, 70, 70, 70, 70, 70, 70, 70, 70, 70, 70, 70, 70, 70, 70, 70, 70, 70, 70, 70, 70, 70]), ([28, 69], [28, 28, 28, 28, 28, 28, 28, 28, 28, 28, 28, 28, 28, 28, 28, 28, 28, 28, 28, 28, 28, 28, 28, 28, 28, 28, 28, 28, 28, 28, 28, 28, 28, 28, 28, 28, 28, 28, 28, 28, 28, 28, 69, 69, 69, 28, 69, 69, 28, 69, 69, 69, 69, 28, 69, 69, 69, 69, 69, 69, 69, 69, 69, 69, 69, 69, 69, 69, 69, 69, 69, 69, 69, 69, 69, 69, 69, 69, 69, 69, 69, 69, 69, 69, 69, 69, 69, 69, 69, 69, 69, 69, 69, 69, 69, 69, 69, 69, 69, 69]), ([28, 70], [28, 28, 28, 28, 28, 28, 28, 28, 28, 28, 28, 28, 28, 28, 28, 28, 28, 28, 28, 28, 28, 28, 28, 28, 28, 28, 28, 28, 28, 28, 28, 28, 28, 28, 28, 28, 28, 28, 28, 28, 28, 28, 70, 70, 70, 28, 70, 70, 28, 70, 70, 70, 70, 28, 70, 70, 70, 70, 70, 70, 70, 70, 70, 70, 70, 70, 70, 70, 70, 70, 70, 70, 70, 70, 70, 70, 70, 70, 70, 70, 70, 70, 70, 70, 70, 70, 70, 70, 70, 70, 70, 70, 70, 70, 70, 70, 70, 70, 70, 70]), ([28, 69], [28, 28, 28, 28, 28, 28, 28, 28, 28, 28, 28, 28, 28, 28, 28, 28, 28, 28, 28, 28, 28, 28, 28, 28, 28, 28, 28, 28, 28, 28, 28, 28, 28, 28, 28, 28, 28, 28, 28, 28, 28, 28, 69, 69, 69, 28, 69, 69, 28, 69, 69, 69, 69, 28, 69, 69, 69, 69, 69, 69, 69, 69, 69, 69, 69, 69, 69, 69, 69, 69, 69, 69, 69, 69, 69, 69, 69, 69, 69, 69, 69, 69, 69, 69, 69, 69, 69, 69, 69, 69, 69, 69, 69, 69, 69, 69, 69, 69, 69, 69]), ([28, 70], [28, 28, 28, 28, 28, 28, 28, 28, 28, 28, 28, 28, 28, 28, 28, 28, 28, 28, 28, 28, 28, 28, 28, 28, 28, 28, 28, 28, 28, 28, 28, 28, 28, 28, 28, 28, 28, 28, 28, 28, 28, 28, 70, 70, 70, 28, 70, 70, 28, 70, 70, 70, 70, 28, 70, 70, 70, 70, 70, 70, 70, 70, 70, 70, 70, 70, 70, 70, 70, 70, 70, 70, 70, 70, 70, 70, 70, 70, 70, 70, 70, 70, 70, 70, 70, 70, 70, 70, 70, 70, 70, 70, 70, 70, 70, 70, 70, 70, 70, 70]), ([28, 69], [28, 28, 28, 28, 28, 28, 28, 28, 28, 28, 28, 28, 28, 28, 28, 28, 28, 28, 28, 28, 28, 28, 28, 28, 28, 28, 28, 28, 28, 28, 28, 28, 28, 28, 28, 28, 28, 28, 28, 28, 28, 28, 69, 69, 69, 28, 69, 69, 28, 69, 69, 69, 69, 28, 69, 69, 69, 69, 69, 69, 69, 69, 69, 69, 69, 69, 69, 69, 69, 69, 69, 69, 69, 69, 69, 69, 69, 69, 69, 69, 69, 69, 69, 69, 69, 69, 69, 69, 69, 69, 69, 69, 69, 69, 69, 69, 69, 69, 69, 69]), ([28, 70], [28, 28, 28, 28, 28, 28, 28, 28, 28, 28, 28, 28, 28, 28, 28, 28, 28, 28, 28, 28, 28, 28, 28, 28, 28, 28, 28, 28, 28, 28, 28, 28, 28, 28, 28, 28, 28, 28, 28, 28, 28, 28, 70, 70, 70, 28, 70, 70, 28, 70, 70, 70, 70, 28, 70, 70, 70, 70, 70, 70, 70, 70, 70, 70, 70, 70, 70, 70, 70, 70, 70, 70, 70, 70, 70, 70, 70, 70, 70, 70, 70, 70, 70, 70, 70, 70, 70, 70, 70, 70, 70, 70, 70, 70, 70, 70, 70, 70, 70, 70]), ([28, 69], [28, 28, 28, 28, 28, 28, 28, 28, 28, 28, 28, 28, 28, 28, 28, 28, 28, 28, 28, 28, 28, 28, 28, 28, 28, 28, 28, 28, 28, 28, 28, 28, 28, 28, 28, 28, 28, 28, 28, 28, 28, 28, 69, 69, 69, 28, 69, 69, 28, 69, 69, 69, 69, 28, 69, 69, 69, 69, 69, 69, 69, 69, 69, 69, 69, 69, 69, 69, 69, 69, 69, 69, 69, 69, 69, 69, 69, 69, 69, 69, 69, 69, 69, 69, 69, 69, 69, 69, 69, 69, 69, 69, 69, 69, 69, 69, 69, 69, 69, 69]), ([28, 70], [28, 28, 28, 28, 28, 28, 28, 28, 28, 28, 28, 28, 28, 28, 28, 28, 28, 28, 28, 28, 28, 28, 28, 28, 28, 28, 28, 28, 28, 28, 28, 28, 28, 28, 28, 28, 28, 28, 28, 28, 28, 28, 70, 70, 70, 28, 70, 70, 28, 70, 70, 70, 70, 28, 70, 70, 70, 70, 70, 70, 70, 70, 70, 70, 70, 70, 70, 70, 70, 70, 70, 70, 70, 70, 70, 70, 70, 70, 70, 70, 70, 70, 70, 70, 70, 70, 70, 70, 70, 70, 70, 70, 70, 70, 70, 70, 70, 70, 70, 70]), ([28, 69], [28, 28, 28, 28, 28, 28, 28, 28, 28, 28, 28, 28, 28, 28, 28, 28, 28, 28, 28, 28, 28, 28, 28, 28, 28, 28, 28, 28, 28, 28, 28, 28, 28, 28, 28, 28, 28, 28, 28, 28, 28, 28, 69, 69, 69, 28, 69, 69, 28, 69, 69, 69, 69, 28, 69, 69, 69, 69, 69, 69, 69, 69, 69, 69, 69, 69, 69, 69, 69, 69, 69, 69, 69, 69, 69, 69, 69, 69, 69, 69, 69, 69, 69, 69, 69, 69, 69, 69, 69, 69, 69, 69, 69, 69, 69, 69, 69, 69, 69, 69]), ([28, 70], [28, 28, 28, 28, 28, 28, 28, 28, 28, 28, 28, 28, 28, 28, 28, 28, 28, 28, 28, 28, 28, 28, 28, 28, 28, 28, 28, 28, 28, 28, 28, 28, 28, 28, 28, 28, 28, 28, 28, 28, 28, 28, 70, 70, 70, 28, 70, 70, 28, 70, 70, 70, 70, 28, 70, 70, 70, 70, 70, 70, 70, 70, 70, 70, 70, 70, 70, 70, 70, 70, 70, 70, 70, 70, 70, 70, 70, 70, 70, 70, 70, 70, 70, 70, 70, 70, 70, 70, 70, 70, 70, 70, 70, 70, 70, 70, 70, 70, 70, 70]), ([28, 69], [28, 28, 28, 28, 28, 28, 28, 28, 28, 28, 28, 28, 28, 28, 28, 28, 28, 28, 28, 28, 28, 28, 28, 28, 28, 28, 28, 28, 28, 28, 28, 28, 28, 28, 28, 28, 28, 28, 28, 28, 28, 28, 69, 69, 69, 28, 69, 69, 28, 69, 69, 69, 69, 28, 69, 69, 69, 69, 69, 69, 69, 69, 69, 69, 69, 69, 69, 69, 69, 69, 69, 69, 69, 69, 69, 69, 69, 69, 69, 69, 69, 69, 69, 69, 69, 69, 69, 69, 69, 69, 69, 69, 69, 69, 69, 69, 69, 69, 69, 69]), ([28, 70], [28, 28, 28, 28, 28, 28, 28, 28, 28, 28, 28, 28, 28, 28, 28, 28, 28, 28, 28, 28, 28, 28, 28, 28, 28, 28, 28, 28, 28, 28, 28, 28, 28, 28, 28, 28, 28, 28, 28, 28, 28, 28, 70, 70, 70, 28, 70, 70, 28, 70, 70, 70, 70, 28, 70, 70, 70, 70, 70, 70, 70, 70, 70, 70, 70, 70, 70, 70, 70, 70, 70, 70, 70, 70, 70, 70, 70, 70, 70, 70, 70, 70, 70, 70, 70, 70, 70, 70, 70, 70, 70, 70, 70, 70, 70, 70, 70, 70, 70, 70]), ([28, 69], [28, 28, 28, 28, 28, 28, 28, 28, 28, 28, 28, 28, 28, 28, 28, 28, 28, 28, 28, 28, 28, 28, 28, 28, 28, 28, 28, 28, 28, 28, 28, 28, 28, 28, 28, 28, 28, 28, 28, 28, 28, 28, 69, 69, 69, 28, 69, 69, 28, 69, 69, 69, 69, 28, 69, 69, 69, 69, 69, 69, 69, 69, 69, 69, 69, 69, 69, 69, 69, 69, 69, 69, 69, 69, 69, 69, 69, 69, 69, 69, 69, 69, 69, 69, 69, 69, 69, 69, 69, 69, 69, 69, 69, 69, 69, 69, 69, 69, 69, 69]), ([28, 70], [28, 28, 28, 28, 28, 28, 28, 28, 28, 28, 28, 28, 28, 28, 28, 28, 28, 28, 28, 28, 28, 28, 28, 28, 28, 28, 28, 28, 28, 28, 28, 28, 28, 28, 28, 28, 28, 28, 28, 28, 28, 28, 70, 70, 70, 28, 70, 70, 28, 70, 70, 70, 70, 28, 70, 70, 70, 70, 70, 70, 70, 70, 70, 70, 70, 70, 70, 70, 70, 70, 70, 70, 70, 70, 70, 70, 70, 70, 70, 70, 70, 70, 70, 70, 70, 70, 70, 70, 70, 70, 70, 70, 70, 70, 70, 70, 70, 70, 70, 70]), ([28, 69], [28, 28, 28, 28, 28, 28, 28, 28, 28, 28, 28, 28, 28, 28, 28, 28, 28, 28, 28, 28, 28, 28, 28, 28, 28, 28, 28, 28, 28, 28, 28, 28, 28, 28, 28, 28, 28, 28, 28, 28, 28, 28, 69, 69, 69, 28, 69, 69, 28, 69, 69, 69, 69, 28, 69, 69, 69, 69, 69, 69, 69, 69, 69, 69, 69, 69, 69, 69, 69, 69, 69, 69, 69, 69, 69, 69, 69, 69, 69, 69, 69, 69, 69, 69, 69, 69, 69, 69, 69, 69, 69, 69, 69, 69, 69, 69, 69, 69, 69, 69]), ([28, 70], [28, 28, 28, 28, 28, 28, 28, 28, 28, 28, 28, 28, 28, 28, 28, 28, 28, 28, 28, 28, 28, 28, 28, 28, 28, 28, 28, 28, 28, 28, 28, 28, 28, 28, 28, 28, 28, 28, 28, 28, 28, 28, 70, 70, 70, 28, 70, 70, 28, 70, 70, 70, 70, 28, 70, 70, 70, 70, 70, 70, 70, 70, 70, 70, 70, 70, 70, 70, 70, 70, 70, 70, 70, 70, 70, 70, 70, 70, 70, 70, 70, 70, 70, 70, 70, 70, 70, 70, 70, 70, 70, 70, 70, 70, 70, 70, 70, 70, 70, 70])


Solution for n=100, p=3 :
Best Hubs  : 28, 70, 55
Objective  : 161568.77
Allocation : 28, 28, 28, 28, 28, 28, 28, 28, 28, 28, 28, 28, 28, 28, 28, 55, 55, 55, 55, 55, 28, 28, 28, 28, 28, 28, 28, 28, 28, 28, 28, 28, 28, 55, 55, 55, 55, 55, 55, 55, 28, 28, 28, 70, 70, 28, 70, 55, 55, 55, 55, 55, 55, 55, 55, 55, 55, 55, 55, 55, 70, 70, 70, 70, 70, 70, 70, 70, 70, 70, 70, 70, 70, 70, 70, 70, 55, 55, 55, 55, 70, 70, 70, 70, 70, 70, 70, 70, 70, 70, 70, 70, 70, 70, 70, 70, 70, 70, 70, 70
The time use for run code in 100 node and 3 hubs is: 66.41 seconds
Path       : ([4, 11, 70], [4, 4, 4, 4, 4, 4, 4, 11, 11, 11, 4, 11, 11, 11, 11, 11, 11, 11, 11, 11, 4, 70, 4, 70, 70, 70, 4, 4, 4, 70, 70, 70, 11, 70, 70, 70, 70, 70, 70, 70, 4, 70, 70, 70, 70, 70, 70, 70, 70, 70, 70, 70, 70, 70, 70, 70, 70, 70, 70, 70, 70, 70, 70, 70, 70, 70, 70, 70, 70, 70, 70, 70, 70, 70, 70, 70, 70, 70, 70, 70, 70, 70, 70, 70, 70, 70, 70, 70, 70, 70, 70, 70, 70, 70, 70, 70, 70, 70, 70, 70]), ([4, 70, 30], [4, 4, 4, 4, 4, 4, 4, 4, 4, 4, 30, 4, 30, 30, 30, 30, 30, 30, 30, 30, 30, 30, 30, 30, 30, 30, 30, 30, 30, 30, 30, 30, 30, 30, 30, 30, 30, 30, 30, 30, 4, 70, 70, 70, 70, 30, 70, 70, 30, 30, 70, 30, 70, 30, 30, 30, 30, 30, 30, 30, 70, 70, 70, 70, 70, 70, 70, 70, 70, 70, 70, 70, 70, 70, 70, 70, 70, 70, 70, 70, 70, 70, 70, 70, 70, 70, 70, 70, 70, 70, 70, 70, 70, 70, 70, 70, 70, 70, 70, 70]), ([70, 30, 55], [30, 30, 30, 30, 30, 30, 30, 30, 30, 30, 30, 30, 30, 30, 30, 30, 30, 30, 55, 55, 30, 30, 30, 30, 30, 30, 30, 30, 30, 30, 30, 30, 30, 30, 55, 55, 55, 55, 55, 55, 30, 70, 70, 70, 70, 30, 70, 70, 30, 55, 55, 55, 55, 55, 55, 55, 55, 55, 55, 55, 70, 70, 70, 70, 70, 70, 70, 70, 70, 70, 70, 70, 70, 70, 70, 70, 55, 55, 55, 55, 70, 70, 70, 70, 70, 70, 70, 70, 70, 70, 70, 70, 70, 70, 70, 70, 70, 70, 70, 70]), ([70, 55, 27], [27, 27, 27, 27, 27, 27, 27, 27, 27, 27, 27, 27, 27, 27, 27, 27, 55, 55, 55, 55, 27, 27, 27, 27, 27, 27, 27, 27, 27, 27, 27, 27, 27, 27, 55, 55, 55, 55, 55, 55, 27, 27, 27, 70, 70, 27, 70, 70, 55, 55, 55, 55, 55, 55, 55, 55, 55, 55, 55, 55, 70, 70, 70, 70, 70, 70, 70, 70, 70, 70, 70, 70, 70, 70, 70, 70, 55, 55, 55, 55, 70, 70, 70, 70, 70, 70, 70, 70, 70, 70, 70, 70, 70, 70, 70, 70, 70, 70, 70, 70]), ([55, 27, 69], [27, 27, 27, 27, 27, 27, 27, 27, 27, 27, 27, 27, 27, 27, 27, 27, 55, 55, 55, 55, 27, 27, 27, 27, 27, 27, 27, 27, 27, 27, 27, 27, 27, 27, 55, 55, 55, 55, 55, 55, 27, 27, 27, 69, 69, 27, 69, 69, 55, 55, 55, 55, 55, 55, 55, 55, 55, 55, 55, 55, 69, 69, 69, 69, 69, 69, 69, 69, 69, 69, 69, 69, 69, 69, 69, 69, 55, 55, 55, 55, 69, 69, 69, 69, 69, 69, 69, 69, 69, 69, 69, 69, 69, 69, 69, 69, 69, 69, 69, 69]), ([27, 69, 54], [27, 27, 27, 27, 27, 27, 27, 27, 27, 27, 27, 27, 27, 27, 27, 54, 54, 54, 54, 54, 27, 27, 27, 27, 27, 27, 27, 27, 27, 27, 27, 27, 27, 54, 54, 54, 54, 54, 54, 54, 27, 27, 27, 69, 69, 27, 69, 54, 54, 54, 54, 54, 54, 54, 54, 54, 54, 54, 54, 54, 69, 69, 69, 69, 69, 69, 69, 69, 69, 69, 69, 69, 69, 69, 69, 69, 54, 54, 54, 54, 69, 69, 69, 69, 69, 69, 69, 69, 69, 69, 69, 69, 69, 69, 69, 69, 69, 69, 69, 69]), ([27, 69, 53], [27, 27, 27, 27, 27, 27, 27, 27, 27, 27, 27, 27, 27, 27, 27, 53, 53, 53, 53, 53, 27, 27, 27, 27, 27, 27, 27, 27, 27, 27, 27, 53, 27, 53, 53, 53, 53, 53, 53, 53, 27, 27, 27, 69, 69, 27, 69, 53, 53, 53, 53, 53, 53, 53, 53, 53, 53, 53, 53, 53, 69, 69, 69, 69, 69, 69, 69, 69, 69, 69, 69, 69, 69, 69, 69, 69, 53, 53, 53, 53, 69, 69, 69, 69, 69, 69, 69, 69, 69, 69, 69, 69, 69, 69, 69, 69, 69, 69, 69, 69]), ([27, 69, 54], [27, 27, 27, 27, 27, 27, 27, 27, 27, 27, 27, 27, 27, 27, 27, 54, 54, 54, 54, 54, 27, 27, 27, 27, 27, 27, 27, 27, 27, 27, 27, 27, 27, 54, 54, 54, 54, 54, 54, 54, 27, 27, 27, 69, 69, 27, 69, 54, 54, 54, 54, 54, 54, 54, 54, 54, 54, 54, 54, 54, 69, 69, 69, 69, 69, 69, 69, 69, 69, 69, 69, 69, 69, 69, 69, 69, 54, 54, 54, 54, 69, 69, 69, 69, 69, 69, 69, 69, 69, 69, 69, 69, 69, 69, 69, 69, 69, 69, 69, 69]), ([27, 69, 53], [27, 27, 27, 27, 27, 27, 27, 27, 27, 27, 27, 27, 27, 27, 27, 53, 53, 53, 53, 53, 27, 27, 27, 27, 27, 27, 27, 27, 27, 27, 27, 53, 27, 53, 53, 53, 53, 53, 53, 53, 27, 27, 27, 69, 69, 27, 69, 53, 53, 53, 53, 53, 53, 53, 53, 53, 53, 53, 53, 53, 69, 69, 69, 69, 69, 69, 69, 69, 69, 69, 69, 69, 69, 69, 69, 69, 53, 53, 53, 53, 69, 69, 69, 69, 69, 69, 69, 69, 69, 69, 69, 69, 69, 69, 69, 69, 69, 69, 69, 69]), ([27, 69, 54], [27, 27, 27, 27, 27, 27, 27, 27, 27, 27, 27, 27, 27, 27, 27, 54, 54, 54, 54, 54, 27, 27, 27, 27, 27, 27, 27, 27, 27, 27, 27, 27, 27, 54, 54, 54, 54, 54, 54, 54, 27, 27, 27, 69, 69, 27, 69, 54, 54, 54, 54, 54, 54, 54, 54, 54, 54, 54, 54, 54, 69, 69, 69, 69, 69, 69, 69, 69, 69, 69, 69, 69, 69, 69, 69, 69, 54, 54, 54, 54, 69, 69, 69, 69, 69, 69, 69, 69, 69, 69, 69, 69, 69, 69, 69, 69, 69, 69, 69, 69]), ([27, 69, 53], [27, 27, 27, 27, 27, 27, 27, 27, 27, 27, 27, 27, 27, 27, 27, 53, 53, 53, 53, 53, 27, 27, 27, 27, 27, 27, 27, 27, 27, 27, 27, 53, 27, 53, 53, 53, 53, 53, 53, 53, 27, 27, 27, 69, 69, 27, 69, 53, 53, 53, 53, 53, 53, 53, 53, 53, 53, 53, 53, 53, 69, 69, 69, 69, 69, 69, 69, 69, 69, 69, 69, 69, 69, 69, 69, 69, 53, 53, 53, 53, 69, 69, 69, 69, 69, 69, 69, 69, 69, 69, 69, 69, 69, 69, 69, 69, 69, 69, 69, 69]), ([27, 69, 54], [27, 27, 27, 27, 27, 27, 27, 27, 27, 27, 27, 27, 27, 27, 27, 54, 54, 54, 54, 54, 27, 27, 27, 27, 27, 27, 27, 27, 27, 27, 27, 27, 27, 54, 54, 54, 54, 54, 54, 54, 27, 27, 27, 69, 69, 27, 69, 54, 54, 54, 54, 54, 54, 54, 54, 54, 54, 54, 54, 54, 69, 69, 69, 69, 69, 69, 69, 69, 69, 69, 69, 69, 69, 69, 69, 69, 54, 54, 54, 54, 69, 69, 69, 69, 69, 69, 69, 69, 69, 69, 69, 69, 69, 69, 69, 69, 69, 69, 69, 69]), ([27, 69, 53], [27, 27, 27, 27, 27, 27, 27, 27, 27, 27, 27, 27, 27, 27, 27, 53, 53, 53, 53, 53, 27, 27, 27, 27, 27, 27, 27, 27, 27, 27, 27, 53, 27, 53, 53, 53, 53, 53, 53, 53, 27, 27, 27, 69, 69, 27, 69, 53, 53, 53, 53, 53, 53, 53, 53, 53, 53, 53, 53, 53, 69, 69, 69, 69, 69, 69, 69, 69, 69, 69, 69, 69, 69, 69, 69, 69, 53, 53, 53, 53, 69, 69, 69, 69, 69, 69, 69, 69, 69, 69, 69, 69, 69, 69, 69, 69, 69, 69, 69, 69]), ([27, 69, 54], [27, 27, 27, 27, 27, 27, 27, 27, 27, 27, 27, 27, 27, 27, 27, 54, 54, 54, 54, 54, 27, 27, 27, 27, 27, 27, 27, 27, 27, 27, 27, 27, 27, 54, 54, 54, 54, 54, 54, 54, 27, 27, 27, 69, 69, 27, 69, 54, 54, 54, 54, 54, 54, 54, 54, 54, 54, 54, 54, 54, 69, 69, 69, 69, 69, 69, 69, 69, 69, 69, 69, 69, 69, 69, 69, 69, 54, 54, 54, 54, 69, 69, 69, 69, 69, 69, 69, 69, 69, 69, 69, 69, 69, 69, 69, 69, 69, 69, 69, 69]), ([27, 69, 53], [27, 27, 27, 27, 27, 27, 27, 27, 27, 27, 27, 27, 27, 27, 27, 53, 53, 53, 53, 53, 27, 27, 27, 27, 27, 27, 27, 27, 27, 27, 27, 53, 27, 53, 53, 53, 53, 53, 53, 53, 27, 27, 27, 69, 69, 27, 69, 53, 53, 53, 53, 53, 53, 53, 53, 53, 53, 53, 53, 53, 69, 69, 69, 69, 69, 69, 69, 69, 69, 69, 69, 69, 69, 69, 69, 69, 53, 53, 53, 53, 69, 69, 69, 69, 69, 69, 69, 69, 69, 69, 69, 69, 69, 69, 69, 69, 69, 69, 69, 69]), ([27, 69, 54], [27, 27, 27, 27, 27, 27, 27, 27, 27, 27, 27, 27, 27, 27, 27, 54, 54, 54, 54, 54, 27, 27, 27, 27, 27, 27, 27, 27, 27, 27, 27, 27, 27, 54, 54, 54, 54, 54, 54, 54, 27, 27, 27, 69, 69, 27, 69, 54, 54, 54, 54, 54, 54, 54, 54, 54, 54, 54, 54, 54, 69, 69, 69, 69, 69, 69, 69, 69, 69, 69, 69, 69, 69, 69, 69, 69, 54, 54, 54, 54, 69, 69, 69, 69, 69, 69, 69, 69, 69, 69, 69, 69, 69, 69, 69, 69, 69, 69, 69, 69]), ([27, 69, 53], [27, 27, 27, 27, 27, 27, 27, 27, 27, 27, 27, 27, 27, 27, 27, 53, 53, 53, 53, 53, 27, 27, 27, 27, 27, 27, 27, 27, 27, 27, 27, 53, 27, 53, 53, 53, 53, 53, 53, 53, 27, 27, 27, 69, 69, 27, 69, 53, 53, 53, 53, 53, 53, 53, 53, 53, 53, 53, 53, 53, 69, 69, 69, 69, 69, 69, 69, 69, 69, 69, 69, 69, 69, 69, 69, 69, 53, 53, 53, 53, 69, 69, 69, 69, 69, 69, 69, 69, 69, 69, 69, 69, 69, 69, 69, 69, 69, 69, 69, 69]), ([27, 69, 54], [27, 27, 27, 27, 27, 27, 27, 27, 27, 27, 27, 27, 27, 27, 27, 54, 54, 54, 54, 54, 27, 27, 27, 27, 27, 27, 27, 27, 27, 27, 27, 27, 27, 54, 54, 54, 54, 54, 54, 54, 27, 27, 27, 69, 69, 27, 69, 54, 54, 54, 54, 54, 54, 54, 54, 54, 54, 54, 54, 54, 69, 69, 69, 69, 69, 69, 69, 69, 69, 69, 69, 69, 69, 69, 69, 69, 54, 54, 54, 54, 69, 69, 69, 69, 69, 69, 69, 69, 69, 69, 69, 69, 69, 69, 69, 69, 69, 69, 69, 69]), ([27, 69, 53], [27, 27, 27, 27, 27, 27, 27, 27, 27, 27, 27, 27, 27, 27, 27, 53, 53, 53, 53, 53, 27, 27, 27, 27, 27, 27, 27, 27, 27, 27, 27, 53, 27, 53, 53, 53, 53, 53, 53, 53, 27, 27, 27, 69, 69, 27, 69, 53, 53, 53, 53, 53, 53, 53, 53, 53, 53, 53, 53, 53, 69, 69, 69, 69, 69, 69, 69, 69, 69, 69, 69, 69, 69, 69, 69, 69, 53, 53, 53, 53, 69, 69, 69, 69, 69, 69, 69, 69, 69, 69, 69, 69, 69, 69, 69, 69, 69, 69, 69, 69]), ([27, 69, 54], [27, 27, 27, 27, 27, 27, 27, 27, 27, 27, 27, 27, 27, 27, 27, 54, 54, 54, 54, 54, 27, 27, 27, 27, 27, 27, 27, 27, 27, 27, 27, 27, 27, 54, 54, 54, 54, 54, 54, 54, 27, 27, 27, 69, 69, 27, 69, 54, 54, 54, 54, 54, 54, 54, 54, 54, 54, 54, 54, 54, 69, 69, 69, 69, 69, 69, 69, 69, 69, 69, 69, 69, 69, 69, 69, 69, 54, 54, 54, 54, 69, 69, 69, 69, 69, 69, 69, 69, 69, 69, 69, 69, 69, 69, 69, 69, 69, 69, 69, 69]), ([27, 69, 53], [27, 27, 27, 27, 27, 27, 27, 27, 27, 27, 27, 27, 27, 27, 27, 53, 53, 53, 53, 53, 27, 27, 27, 27, 27, 27, 27, 27, 27, 27, 27, 53, 27, 53, 53, 53, 53, 53, 53, 53, 27, 27, 27, 69, 69, 27, 69, 53, 53, 53, 53, 53, 53, 53, 53, 53, 53, 53, 53, 53, 69, 69, 69, 69, 69, 69, 69, 69, 69, 69, 69, 69, 69, 69, 69, 69, 53, 53, 53, 53, 69, 69, 69, 69, 69, 69, 69, 69, 69, 69, 69, 69, 69, 69, 69, 69, 69, 69, 69, 69]), ([27, 69, 54], [27, 27, 27, 27, 27, 27, 27, 27, 27, 27, 27, 27, 27, 27, 27, 54, 54, 54, 54, 54, 27, 27, 27, 27, 27, 27, 27, 27, 27, 27, 27, 27, 27, 54, 54, 54, 54, 54, 54, 54, 27, 27, 27, 69, 69, 27, 69, 54, 54, 54, 54, 54, 54, 54, 54, 54, 54, 54, 54, 54, 69, 69, 69, 69, 69, 69, 69, 69, 69, 69, 69, 69, 69, 69, 69, 69, 54, 54, 54, 54, 69, 69, 69, 69, 69, 69, 69, 69, 69, 69, 69, 69, 69, 69, 69, 69, 69, 69, 69, 69]), ([27, 69, 53], [27, 27, 27, 27, 27, 27, 27, 27, 27, 27, 27, 27, 27, 27, 27, 53, 53, 53, 53, 53, 27, 27, 27, 27, 27, 27, 27, 27, 27, 27, 27, 53, 27, 53, 53, 53, 53, 53, 53, 53, 27, 27, 27, 69, 69, 27, 69, 53, 53, 53, 53, 53, 53, 53, 53, 53, 53, 53, 53, 53, 69, 69, 69, 69, 69, 69, 69, 69, 69, 69, 69, 69, 69, 69, 69, 69, 53, 53, 53, 53, 69, 69, 69, 69, 69, 69, 69, 69, 69, 69, 69, 69, 69, 69, 69, 69, 69, 69, 69, 69]), ([27, 69, 54], [27, 27, 27, 27, 27, 27, 27, 27, 27, 27, 27, 27, 27, 27, 27, 54, 54, 54, 54, 54, 27, 27, 27, 27, 27, 27, 27, 27, 27, 27, 27, 27, 27, 54, 54, 54, 54, 54, 54, 54, 27, 27, 27, 69, 69, 27, 69, 54, 54, 54, 54, 54, 54, 54, 54, 54, 54, 54, 54, 54, 69, 69, 69, 69, 69, 69, 69, 69, 69, 69, 69, 69, 69, 69, 69, 69, 54, 54, 54, 54, 69, 69, 69, 69, 69, 69, 69, 69, 69, 69, 69, 69, 69, 69, 69, 69, 69, 69, 69, 69]), ([27, 69, 53], [27, 27, 27, 27, 27, 27, 27, 27, 27, 27, 27, 27, 27, 27, 27, 53, 53, 53, 53, 53, 27, 27, 27, 27, 27, 27, 27, 27, 27, 27, 27, 53, 27, 53, 53, 53, 53, 53, 53, 53, 27, 27, 27, 69, 69, 27, 69, 53, 53, 53, 53, 53, 53, 53, 53, 53, 53, 53, 53, 53, 69, 69, 69, 69, 69, 69, 69, 69, 69, 69, 69, 69, 69, 69, 69, 69, 53, 53, 53, 53, 69, 69, 69, 69, 69, 69, 69, 69, 69, 69, 69, 69, 69, 69, 69, 69, 69, 69, 69, 69]), ([27, 69, 54], [27, 27, 27, 27, 27, 27, 27, 27, 27, 27, 27, 27, 27, 27, 27, 54, 54, 54, 54, 54, 27, 27, 27, 27, 27, 27, 27, 27, 27, 27, 27, 27, 27, 54, 54, 54, 54, 54, 54, 54, 27, 27, 27, 69, 69, 27, 69, 54, 54, 54, 54, 54, 54, 54, 54, 54, 54, 54, 54, 54, 69, 69, 69, 69, 69, 69, 69, 69, 69, 69, 69, 69, 69, 69, 69, 69, 54, 54, 54, 54, 69, 69, 69, 69, 69, 69, 69, 69, 69, 69, 69, 69, 69, 69, 69, 69, 69, 69, 69, 69]), ([27, 69, 53], [27, 27, 27, 27, 27, 27, 27, 27, 27, 27, 27, 27, 27, 27, 27, 53, 53, 53, 53, 53, 27, 27, 27, 27, 27, 27, 27, 27, 27, 27, 27, 53, 27, 53, 53, 53, 53, 53, 53, 53, 27, 27, 27, 69, 69, 27, 69, 53, 53, 53, 53, 53, 53, 53, 53, 53, 53, 53, 53, 53, 69, 69, 69, 69, 69, 69, 69, 69, 69, 69, 69, 69, 69, 69, 69, 69, 53, 53, 53, 53, 69, 69, 69, 69, 69, 69, 69, 69, 69, 69, 69, 69, 69, 69, 69, 69, 69, 69, 69, 69]), ([27, 69, 54], [27, 27, 27, 27, 27, 27, 27, 27, 27, 27, 27, 27, 27, 27, 27, 54, 54, 54, 54, 54, 27, 27, 27, 27, 27, 27, 27, 27, 27, 27, 27, 27, 27, 54, 54, 54, 54, 54, 54, 54, 27, 27, 27, 69, 69, 27, 69, 54, 54, 54, 54, 54, 54, 54, 54, 54, 54, 54, 54, 54, 69, 69, 69, 69, 69, 69, 69, 69, 69, 69, 69, 69, 69, 69, 69, 69, 54, 54, 54, 54, 69, 69, 69, 69, 69, 69, 69, 69, 69, 69, 69, 69, 69, 69, 69, 69, 69, 69, 69, 69]), ([27, 69, 53], [27, 27, 27, 27, 27, 27, 27, 27, 27, 27, 27, 27, 27, 27, 27, 53, 53, 53, 53, 53, 27, 27, 27, 27, 27, 27, 27, 27, 27, 27, 27, 53, 27, 53, 53, 53, 53, 53, 53, 53, 27, 27, 27, 69, 69, 27, 69, 53, 53, 53, 53, 53, 53, 53, 53, 53, 53, 53, 53, 53, 69, 69, 69, 69, 69, 69, 69, 69, 69, 69, 69, 69, 69, 69, 69, 69, 53, 53, 53, 53, 69, 69, 69, 69, 69, 69, 69, 69, 69, 69, 69, 69, 69, 69, 69, 69, 69, 69, 69, 69]), ([27, 69, 54], [27, 27, 27, 27, 27, 27, 27, 27, 27, 27, 27, 27, 27, 27, 27, 54, 54, 54, 54, 54, 27, 27, 27, 27, 27, 27, 27, 27, 27, 27, 27, 27, 27, 54, 54, 54, 54, 54, 54, 54, 27, 27, 27, 69, 69, 27, 69, 54, 54, 54, 54, 54, 54, 54, 54, 54, 54, 54, 54, 54, 69, 69, 69, 69, 69, 69, 69, 69, 69, 69, 69, 69, 69, 69, 69, 69, 54, 54, 54, 54, 69, 69, 69, 69, 69, 69, 69, 69, 69, 69, 69, 69, 69, 69, 69, 69, 69, 69, 69, 69])

Solution for n=100, p=4 :
Best Hubs  : 28, 70, 55, 64
Objective  : 145916.13
Allocation : 28, 28, 28, 28, 28, 28, 28, 28, 28, 28, 28, 28, 28, 28, 28, 55, 55, 55, 55, 55, 64, 64, 28, 28, 28, 28, 28, 28, 28, 28, 28, 28, 28, 55, 55, 55, 55, 55, 55, 55, 64, 64, 64, 64, 64, 64, 64, 55, 55, 55, 55, 55, 55, 55, 55, 55, 55, 55, 55, 55, 64, 64, 64, 64, 64, 64, 64, 70, 70, 70, 70, 70, 70, 70, 70, 70, 55, 55, 55, 55, 64, 64, 64, 64, 64, 64, 64, 64, 70, 70, 70, 70, 70, 70, 70, 70, 70, 70, 70, 70
The time use for run code in 100 node and 4 hubs is: 88.38 seconds
Path       : ([4, 11, 18, 70], [4, 4, 4, 4, 4, 4, 4, 11, 11, 11, 4, 11, 11, 11, 11, 11, 18, 18, 18, 18, 4, 70, 4, 70, 70, 70, 4, 4, 4, 70, 70, 70, 11, 70, 70, 70, 70, 70, 70, 18, 4, 70, 70, 70, 70, 70, 70, 70, 70, 70, 70, 70, 70, 70, 70, 70, 70, 70, 70, 18, 70, 70, 70, 70, 70, 70, 70, 70, 70, 70, 70, 70, 70, 70, 70, 70, 70, 70, 70, 70, 70, 70, 70, 70, 70, 70, 70, 70, 70, 70, 70, 70, 70, 70, 70, 70, 70, 70, 70, 70]), ([4, 18, 70, 30], [4, 4, 4, 4, 4, 4, 4, 4, 4, 4, 30, 4, 30, 30, 30, 30, 18, 18, 18, 18, 30, 30, 30, 30, 30, 30, 30, 30, 30, 30, 30, 30, 30, 30, 30, 30, 30, 30, 30, 18, 4, 70, 70, 70, 70, 30, 70, 70, 30, 30, 70, 30, 70, 30, 30, 30, 30, 30, 30, 30, 70, 70, 70, 70, 70, 70, 70, 70, 70, 70, 70, 70, 70, 70, 70, 70, 70, 70, 70, 70, 70, 70, 70, 70, 70, 70, 70, 70, 70, 70, 70, 70, 70, 70, 70, 70, 70, 70, 70, 70]), ([4, 70, 30, 62], [4, 4, 4, 4, 4, 4, 4, 4, 4, 4, 30, 4, 30, 30, 30, 30, 30, 30, 30, 30, 62, 62, 62, 62, 30, 30, 30, 30, 30, 30, 30, 30, 30, 30, 30, 30, 30, 30, 30, 30, 62, 62, 62, 62, 62, 62, 62, 70, 30, 30, 70, 30, 70, 30, 30, 30, 30, 30, 30, 30, 62, 62, 62, 62, 62, 62, 70, 70, 70, 70, 70, 70, 70, 70, 70, 70, 70, 70, 70, 70, 62, 62, 62, 62, 62, 62, 62, 70, 70, 70, 70, 70, 70, 70, 70, 70, 70, 70, 70, 70]), ([70, 30, 62, 55], [30, 30, 30, 30, 30, 30, 30, 30, 30, 30, 30, 30, 30, 30, 30, 30, 30, 30, 55, 55, 62, 62, 62, 62, 30, 30, 30, 30, 30, 30, 30, 30, 30, 30, 55, 55, 55, 55, 55, 55, 62, 62, 62, 62, 62, 62, 62, 70, 30, 55, 55, 55, 55, 55, 55, 55, 55, 55, 55, 55, 62, 62, 62, 62, 62, 62, 70, 70, 70, 70, 70, 70, 70, 70, 70, 70, 55, 55, 55, 55, 62, 62, 62, 62, 62, 62, 62, 70, 70, 70, 70, 70, 70, 70, 70, 70, 70, 70, 70, 70]), ([70, 62, 55, 27], [27, 27, 27, 27, 27, 27, 27, 27, 27, 27, 27, 27, 27, 27, 27, 27, 55, 55, 55, 55, 62, 62, 27, 27, 27, 27, 27, 27, 27, 27, 27, 27, 27, 27, 55, 55, 55, 55, 55, 55, 62, 62, 62, 62, 62, 62, 62, 70, 55, 55, 55, 55, 55, 55, 55, 55, 55, 55, 55, 55, 62, 62, 62, 62, 62, 62, 70, 70, 70, 70, 70, 70, 70, 70, 70, 70, 55, 55, 55, 55, 62, 62, 62, 62, 62, 62, 62, 70, 70, 70, 70, 70, 70, 70, 70, 70, 70, 70, 70, 70]), ([62, 55, 27, 69], [27, 27, 27, 27, 27, 27, 27, 27, 27, 27, 27, 27, 27, 27, 27, 27, 55, 55, 55, 55, 62, 62, 27, 27, 27, 27, 27, 27, 27, 27, 27, 27, 27, 27, 55, 55, 55, 55, 55, 55, 62, 62, 62, 62, 62, 62, 62, 62, 55, 55, 55, 55, 55, 55, 55, 55, 55, 55, 55, 55, 62, 62, 62, 62, 62, 62, 69, 69, 69, 69, 69, 69, 69, 69, 69, 69, 55, 55, 55, 55, 62, 62, 62, 62, 62, 62, 62, 69, 69, 69, 69, 69, 69, 69, 69, 69, 69, 69, 69, 69]), ([62, 27, 69, 54], [27, 27, 27, 27, 27, 27, 27, 27, 27, 27, 27, 27, 27, 27, 27, 54, 54, 54, 54, 54, 62, 62, 27, 27, 27, 27, 27, 27, 27, 27, 27, 27, 27, 54, 54, 54, 54, 54, 54, 54, 62, 62, 62, 62, 62, 62, 62, 54, 54, 54, 54, 54, 54, 54, 54, 54, 54, 54, 54, 54, 62, 62, 62, 62, 62, 62, 69, 69, 69, 69, 69, 69, 69, 69, 69, 69, 54, 54, 54, 54, 62, 62, 62, 62, 62, 62, 62, 69, 69, 69, 69, 69, 69, 69, 69, 69, 69, 69, 69, 69]), ([27, 69, 54, 63], [27, 27, 27, 27, 27, 27, 27, 27, 27, 27, 27, 27, 27, 27, 27, 54, 54, 54, 54, 54, 63, 63, 27, 27, 27, 27, 27, 27, 27, 27, 27, 27, 27, 54, 54, 54, 54, 54, 54, 54, 63, 63, 63, 63, 63, 63, 63, 54, 54, 54, 54, 54, 54, 54, 54, 54, 54, 54, 54, 54, 63, 63, 63, 63, 63, 63, 63, 69, 69, 69, 69, 69, 69, 69, 69, 69, 54, 54, 54, 54, 63, 63, 63, 63, 63, 63, 63, 63, 69, 69, 69, 69, 69, 69, 69, 69, 69, 69, 69, 69]), ([27, 69, 63, 53], [27, 27, 27, 27, 27, 27, 27, 27, 27, 27, 27, 27, 27, 27, 27, 53, 53, 53, 53, 53, 63, 63, 27, 27, 27, 27, 27, 27, 27, 27, 27, 53, 27, 53, 53, 53, 53, 53, 53, 53, 63, 63, 63, 63, 63, 63, 63, 53, 53, 53, 53, 53, 53, 53, 53, 53, 53, 53, 53, 53, 63, 63, 63, 63, 63, 63, 63, 69, 69, 69, 69, 69, 69, 69, 69, 69, 53, 53, 53, 53, 63, 63, 63, 63, 63, 63, 63, 63, 69, 69, 69, 69, 69, 69, 69, 69, 69, 69, 69, 69]), ([27, 69, 63, 54], [27, 27, 27, 27, 27, 27, 27, 27, 27, 27, 27, 27, 27, 27, 27, 54, 54, 54, 54, 54, 63, 63, 27, 27, 27, 27, 27, 27, 27, 27, 27, 27, 27, 54, 54, 54, 54, 54, 54, 54, 63, 63, 63, 63, 63, 63, 63, 54, 54, 54, 54, 54, 54, 54, 54, 54, 54, 54, 54, 54, 63, 63, 63, 63, 63, 63, 63, 69, 69, 69, 69, 69, 69, 69, 69, 69, 54, 54, 54, 54, 63, 63, 63, 63, 63, 63, 63, 63, 69, 69, 69, 69, 69, 69, 69, 69, 69, 69, 69, 69]), ([27, 69, 63, 53], [27, 27, 27, 27, 27, 27, 27, 27, 27, 27, 27, 27, 27, 27, 27, 53, 53, 53, 53, 53, 63, 63, 27, 27, 27, 27, 27, 27, 27, 27, 27, 53, 27, 53, 53, 53, 53, 53, 53, 53, 63, 63, 63, 63, 63, 63, 63, 53, 53, 53, 53, 53, 53, 53, 53, 53, 53, 53, 53, 53, 63, 63, 63, 63, 63, 63, 63, 69, 69, 69, 69, 69, 69, 69, 69, 69, 53, 53, 53, 53, 63, 63, 63, 63, 63, 63, 63, 63, 69, 69, 69, 69, 69, 69, 69, 69, 69, 69, 69, 69]), ([27, 69, 63, 54], [27, 27, 27, 27, 27, 27, 27, 27, 27, 27, 27, 27, 27, 27, 27, 54, 54, 54, 54, 54, 63, 63, 27, 27, 27, 27, 27, 27, 27, 27, 27, 27, 27, 54, 54, 54, 54, 54, 54, 54, 63, 63, 63, 63, 63, 63, 63, 54, 54, 54, 54, 54, 54, 54, 54, 54, 54, 54, 54, 54, 63, 63, 63, 63, 63, 63, 63, 69, 69, 69, 69, 69, 69, 69, 69, 69, 54, 54, 54, 54, 63, 63, 63, 63, 63, 63, 63, 63, 69, 69, 69, 69, 69, 69, 69, 69, 69, 69, 69, 69]), ([27, 69, 63, 53], [27, 27, 27, 27, 27, 27, 27, 27, 27, 27, 27, 27, 27, 27, 27, 53, 53, 53, 53, 53, 63, 63, 27, 27, 27, 27, 27, 27, 27, 27, 27, 53, 27, 53, 53, 53, 53, 53, 53, 53, 63, 63, 63, 63, 63, 63, 63, 53, 53, 53, 53, 53, 53, 53, 53, 53, 53, 53, 53, 53, 63, 63, 63, 63, 63, 63, 63, 69, 69, 69, 69, 69, 69, 69, 69, 69, 53, 53, 53, 53, 63, 63, 63, 63, 63, 63, 63, 63, 69, 69, 69, 69, 69, 69, 69, 69, 69, 69, 69, 69]), ([27, 69, 63, 54], [27, 27, 27, 27, 27, 27, 27, 27, 27, 27, 27, 27, 27, 27, 27, 54, 54, 54, 54, 54, 63, 63, 27, 27, 27, 27, 27, 27, 27, 27, 27, 27, 27, 54, 54, 54, 54, 54, 54, 54, 63, 63, 63, 63, 63, 63, 63, 54, 54, 54, 54, 54, 54, 54, 54, 54, 54, 54, 54, 54, 63, 63, 63, 63, 63, 63, 63, 69, 69, 69, 69, 69, 69, 69, 69, 69, 54, 54, 54, 54, 63, 63, 63, 63, 63, 63, 63, 63, 69, 69, 69, 69, 69, 69, 69, 69, 69, 69, 69, 69]), ([27, 69, 63, 53], [27, 27, 27, 27, 27, 27, 27, 27, 27, 27, 27, 27, 27, 27, 27, 53, 53, 53, 53, 53, 63, 63, 27, 27, 27, 27, 27, 27, 27, 27, 27, 53, 27, 53, 53, 53, 53, 53, 53, 53, 63, 63, 63, 63, 63, 63, 63, 53, 53, 53, 53, 53, 53, 53, 53, 53, 53, 53, 53, 53, 63, 63, 63, 63, 63, 63, 63, 69, 69, 69, 69, 69, 69, 69, 69, 69, 53, 53, 53, 53, 63, 63, 63, 63, 63, 63, 63, 63, 69, 69, 69, 69, 69, 69, 69, 69, 69, 69, 69, 69]), ([27, 69, 63, 54], [27, 27, 27, 27, 27, 27, 27, 27, 27, 27, 27, 27, 27, 27, 27, 54, 54, 54, 54, 54, 63, 63, 27, 27, 27, 27, 27, 27, 27, 27, 27, 27, 27, 54, 54, 54, 54, 54, 54, 54, 63, 63, 63, 63, 63, 63, 63, 54, 54, 54, 54, 54, 54, 54, 54, 54, 54, 54, 54, 54, 63, 63, 63, 63, 63, 63, 63, 69, 69, 69, 69, 69, 69, 69, 69, 69, 54, 54, 54, 54, 63, 63, 63, 63, 63, 63, 63, 63, 69, 69, 69, 69, 69, 69, 69, 69, 69, 69, 69, 69]), ([27, 69, 63, 53], [27, 27, 27, 27, 27, 27, 27, 27, 27, 27, 27, 27, 27, 27, 27, 53, 53, 53, 53, 53, 63, 63, 27, 27, 27, 27, 27, 27, 27, 27, 27, 53, 27, 53, 53, 53, 53, 53, 53, 53, 63, 63, 63, 63, 63, 63, 63, 53, 53, 53, 53, 53, 53, 53, 53, 53, 53, 53, 53, 53, 63, 63, 63, 63, 63, 63, 63, 69, 69, 69, 69, 69, 69, 69, 69, 69, 53, 53, 53, 53, 63, 63, 63, 63, 63, 63, 63, 63, 69, 69, 69, 69, 69, 69, 69, 69, 69, 69, 69, 69]), ([27, 69, 63, 54], [27, 27, 27, 27, 27, 27, 27, 27, 27, 27, 27, 27, 27, 27, 27, 54, 54, 54, 54, 54, 63, 63, 27, 27, 27, 27, 27, 27, 27, 27, 27, 27, 27, 54, 54, 54, 54, 54, 54, 54, 63, 63, 63, 63, 63, 63, 63, 54, 54, 54, 54, 54, 54, 54, 54, 54, 54, 54, 54, 54, 63, 63, 63, 63, 63, 63, 63, 69, 69, 69, 69, 69, 69, 69, 69, 69, 54, 54, 54, 54, 63, 63, 63, 63, 63, 63, 63, 63, 69, 69, 69, 69, 69, 69, 69, 69, 69, 69, 69, 69]), ([27, 69, 63, 53], [27, 27, 27, 27, 27, 27, 27, 27, 27, 27, 27, 27, 27, 27, 27, 53, 53, 53, 53, 53, 63, 63, 27, 27, 27, 27, 27, 27, 27, 27, 27, 53, 27, 53, 53, 53, 53, 53, 53, 53, 63, 63, 63, 63, 63, 63, 63, 53, 53, 53, 53, 53, 53, 53, 53, 53, 53, 53, 53, 53, 63, 63, 63, 63, 63, 63, 63, 69, 69, 69, 69, 69, 69, 69, 69, 69, 53, 53, 53, 53, 63, 63, 63, 63, 63, 63, 63, 63, 69, 69, 69, 69, 69, 69, 69, 69, 69, 69, 69, 69]), ([27, 69, 63, 54], [27, 27, 27, 27, 27, 27, 27, 27, 27, 27, 27, 27, 27, 27, 27, 54, 54, 54, 54, 54, 63, 63, 27, 27, 27, 27, 27, 27, 27, 27, 27, 27, 27, 54, 54, 54, 54, 54, 54, 54, 63, 63, 63, 63, 63, 63, 63, 54, 54, 54, 54, 54, 54, 54, 54, 54, 54, 54, 54, 54, 63, 63, 63, 63, 63, 63, 63, 69, 69, 69, 69, 69, 69, 69, 69, 69, 54, 54, 54, 54, 63, 63, 63, 63, 63, 63, 63, 63, 69, 69, 69, 69, 69, 69, 69, 69, 69, 69, 69, 69]), ([27, 69, 63, 53], [27, 27, 27, 27, 27, 27, 27, 27, 27, 27, 27, 27, 27, 27, 27, 53, 53, 53, 53, 53, 63, 63, 27, 27, 27, 27, 27, 27, 27, 27, 27, 53, 27, 53, 53, 53, 53, 53, 53, 53, 63, 63, 63, 63, 63, 63, 63, 53, 53, 53, 53, 53, 53, 53, 53, 53, 53, 53, 53, 53, 63, 63, 63, 63, 63, 63, 63, 69, 69, 69, 69, 69, 69, 69, 69, 69, 53, 53, 53, 53, 63, 63, 63, 63, 63, 63, 63, 63, 69, 69, 69, 69, 69, 69, 69, 69, 69, 69, 69, 69]), ([27, 69, 63, 54], [27, 27, 27, 27, 27, 27, 27, 27, 27, 27, 27, 27, 27, 27, 27, 54, 54, 54, 54, 54, 63, 63, 27, 27, 27, 27, 27, 27, 27, 27, 27, 27, 27, 54, 54, 54, 54, 54, 54, 54, 63, 63, 63, 63, 63, 63, 63, 54, 54, 54, 54, 54, 54, 54, 54, 54, 54, 54, 54, 54, 63, 63, 63, 63, 63, 63, 63, 69, 69, 69, 69, 69, 69, 69, 69, 69, 54, 54, 54, 54, 63, 63, 63, 63, 63, 63, 63, 63, 69, 69, 69, 69, 69, 69, 69, 69, 69, 69, 69, 69]), ([27, 69, 63, 53], [27, 27, 27, 27, 27, 27, 27, 27, 27, 27, 27, 27, 27, 27, 27, 53, 53, 53, 53, 53, 63, 63, 27, 27, 27, 27, 27, 27, 27, 27, 27, 53, 27, 53, 53, 53, 53, 53, 53, 53, 63, 63, 63, 63, 63, 63, 63, 53, 53, 53, 53, 53, 53, 53, 53, 53, 53, 53, 53, 53, 63, 63, 63, 63, 63, 63, 63, 69, 69, 69, 69, 69, 69, 69, 69, 69, 53, 53, 53, 53, 63, 63, 63, 63, 63, 63, 63, 63, 69, 69, 69, 69, 69, 69, 69, 69, 69, 69, 69, 69]), ([27, 69, 63, 54], [27, 27, 27, 27, 27, 27, 27, 27, 27, 27, 27, 27, 27, 27, 27, 54, 54, 54, 54, 54, 63, 63, 27, 27, 27, 27, 27, 27, 27, 27, 27, 27, 27, 54, 54, 54, 54, 54, 54, 54, 63, 63, 63, 63, 63, 63, 63, 54, 54, 54, 54, 54, 54, 54, 54, 54, 54, 54, 54, 54, 63, 63, 63, 63, 63, 63, 63, 69, 69, 69, 69, 69, 69, 69, 69, 69, 54, 54, 54, 54, 63, 63, 63, 63, 63, 63, 63, 63, 69, 69, 69, 69, 69, 69, 69, 69, 69, 69, 69, 69]), ([27, 69, 63, 53], [27, 27, 27, 27, 27, 27, 27, 27, 27, 27, 27, 27, 27, 27, 27, 53, 53, 53, 53, 53, 63, 63, 27, 27, 27, 27, 27, 27, 27, 27, 27, 53, 27, 53, 53, 53, 53, 53, 53, 53, 63, 63, 63, 63, 63, 63, 63, 53, 53, 53, 53, 53, 53, 53, 53, 53, 53, 53, 53, 53, 63, 63, 63, 63, 63, 63, 63, 69, 69, 69, 69, 69, 69, 69, 69, 69, 53, 53, 53, 53, 63, 63, 63, 63, 63, 63, 63, 63, 69, 69, 69, 69, 69, 69, 69, 69, 69, 69, 69, 69]), ([27, 69, 63, 54], [27, 27, 27, 27, 27, 27, 27, 27, 27, 27, 27, 27, 27, 27, 27, 54, 54, 54, 54, 54, 63, 63, 27, 27, 27, 27, 27, 27, 27, 27, 27, 27, 27, 54, 54, 54, 54, 54, 54, 54, 63, 63, 63, 63, 63, 63, 63, 54, 54, 54, 54, 54, 54, 54, 54, 54, 54, 54, 54, 54, 63, 63, 63, 63, 63, 63, 63, 69, 69, 69, 69, 69, 69, 69, 69, 69, 54, 54, 54, 54, 63, 63, 63, 63, 63, 63, 63, 63, 69, 69, 69, 69, 69, 69, 69, 69, 69, 69, 69, 69]), ([27, 69, 63, 53], [27, 27, 27, 27, 27, 27, 27, 27, 27, 27, 27, 27, 27, 27, 27, 53, 53, 53, 53, 53, 63, 63, 27, 27, 27, 27, 27, 27, 27, 27, 27, 53, 27, 53, 53, 53, 53, 53, 53, 53, 63, 63, 63, 63, 63, 63, 63, 53, 53, 53, 53, 53, 53, 53, 53, 53, 53, 53, 53, 53, 63, 63, 63, 63, 63, 63, 63, 69, 69, 69, 69, 69, 69, 69, 69, 69, 53, 53, 53, 53, 63, 63, 63, 63, 63, 63, 63, 63, 69, 69, 69, 69, 69, 69, 69, 69, 69, 69, 69, 69]), ([27, 69, 63, 54], [27, 27, 27, 27, 27, 27, 27, 27, 27, 27, 27, 27, 27, 27, 27, 54, 54, 54, 54, 54, 63, 63, 27, 27, 27, 27, 27, 27, 27, 27, 27, 27, 27, 54, 54, 54, 54, 54, 54, 54, 63, 63, 63, 63, 63, 63, 63, 54, 54, 54, 54, 54, 54, 54, 54, 54, 54, 54, 54, 54, 63, 63, 63, 63, 63, 63, 63, 69, 69, 69, 69, 69, 69, 69, 69, 69, 54, 54, 54, 54, 63, 63, 63, 63, 63, 63, 63, 63, 69, 69, 69, 69, 69, 69, 69, 69, 69, 69, 69, 69]), ([27, 69, 63, 53], [27, 27, 27, 27, 27, 27, 27, 27, 27, 27, 27, 27, 27, 27, 27, 53, 53, 53, 53, 53, 63, 63, 27, 27, 27, 27, 27, 27, 27, 27, 27, 53, 27, 53, 53, 53, 53, 53, 53, 53, 63, 63, 63, 63, 63, 63, 63, 53, 53, 53, 53, 53, 53, 53, 53, 53, 53, 53, 53, 53, 63, 63, 63, 63, 63, 63, 63, 69, 69, 69, 69, 69, 69, 69, 69, 69, 53, 53, 53, 53, 63, 63, 63, 63, 63, 63, 63, 63, 69, 69, 69, 69, 69, 69, 69, 69, 69, 69, 69, 69]), ([27, 69, 63, 54], [27, 27, 27, 27, 27, 27, 27, 27, 27, 27, 27, 27, 27, 27, 27, 54, 54, 54, 54, 54, 63, 63, 27, 27, 27, 27, 27, 27, 27, 27, 27, 27, 27, 54, 54, 54, 54, 54, 54, 54, 63, 63, 63, 63, 63, 63, 63, 54, 54, 54, 54, 54, 54, 54, 54, 54, 54, 54, 54, 54, 63, 63, 63, 63, 63, 63, 63, 69, 69, 69, 69, 69, 69, 69, 69, 69, 54, 54, 54, 54, 63, 63, 63, 63, 63, 63, 63, 63, 69, 69, 69, 69, 69, 69, 69, 69, 69, 69, 69, 69])

