Solution for n=10, p=2 :
Pareto: [(65159380.05524265, 63.62592732128331, [7, 1], [1, 1, 1, 1, 1, 7, 7, 7, 7, 7]), (77916141.89422777, 59.16306100730374, [7, 3], [3, 3, 3, 3, 3, 3, 7, 7, 7, 7]), (47061117.57162524, 69.45667149341853, [0, 6], [0, 0, 0, 0, 6, 6, 6, 6, 6, 6])]

Solution for n=10, p=3 :
Pareto: [(35488905.99381017, 57.97837407411274, [8, 0, 5], [0, 0, 0, 5, 5, 5, 5, 8, 8, 8]), (38405001.32462877, 57.30205348817295, [7, 0, 3], [0, 0, 3, 3, 3, 3, 7, 7, 7, 7]), (34998700.73750119, 60.00665164761198, [7, 0, 4], [0, 0, 0, 4, 4, 4, 7, 7, 7, 7]), (43326888.69457506, 54.33823581048883, [8, 1, 4], [1, 1, 1, 4, 4, 4, 4, 8, 8, 8]), (40747291.81770445, 56.48187753485667, [8, 1, 5], [1, 1, 1, 1, 5, 5, 5, 8, 8, 8]), (49909776.117641926, 54.02516263255463, [8, 1, 6], [1, 1, 1, 1, 6, 6, 6, 6, 8, 8]), (42048093.52114158, 54.972212169921924, [7, 1, 4], [1, 1, 1, 4, 4, 4, 7, 7, 7, 7])]

Solution for n=10, p=4 :
Pareto: [(34339366.518606886, 50.5083134130543, [8, 1, 6, 4], [1, 1, 1, 4, 4, 4, 6, 6, 8, 8])]

Solution for n=10, p=5 :
Pareto: [(34042830.78662897, 47.418819756444236, [9, 8, 4, 1, 6], [1, 1, 1, 4, 4, 4, 6, 6, 8, 9]), (21218171.589547087, 48.53731671260379, [8, 0, 6, 1, 4], [0, 1, 1, 4, 4, 4, 6, 6, 8, 8]), (21681082.513805877, 48.138826387194605, [8, 0, 6, 2, 4], [0, 2, 2, 4, 4, 4, 6, 6, 8, 8])]

Solution for n=54, p=2 :
Pareto: [(2928731323.6360483, 593.937924645691, [40, 5], [5, 5, 5, 5, 5, 5, 5, 5, 5, 5, 5, 5, 5, 5, 5, 5, 5, 5, 5, 5, 5, 5, 5, 5, 5, 5, 5, 5, 5, 40, 40, 40, 40, 40, 40, 40, 40, 40, 40, 40, 40, 40, 40, 40, 40, 40, 40, 40, 40, 40, 40, 40, 40, 40]), (2952804745.209504, 582.474135423521, [40, 6], [6, 6, 6, 6, 6, 6, 6, 6, 6, 6, 6, 6, 6, 6, 6, 6, 6, 6, 6, 6, 6, 6, 6, 6, 6, 6, 6, 6, 6, 40, 40, 40, 40, 40, 40, 40, 40, 40, 40, 40, 40, 40, 40, 40, 40, 40, 40, 40, 40, 40, 40, 40, 40, 40]), (2996184402.682005, 571.5048880014924, [40, 7], [7, 7, 7, 7, 7, 7, 7, 7, 7, 7, 7, 7, 7, 7, 7, 7, 7, 7, 7, 7, 7, 7, 7, 7, 7, 7, 7, 7, 7, 40, 40, 40, 40, 40, 40, 40, 40, 40, 40, 40, 40, 40, 40, 40, 40, 40, 40, 40, 40, 40, 40, 40, 40, 40]), (3053942945.6425657, 558.7538264058297, [40, 8], [8, 8, 8, 8, 8, 8, 8, 8, 8, 8, 8, 8, 8, 8, 8, 8, 8, 8, 8, 8, 8, 8, 8, 8, 8, 8, 8, 8, 8, 40, 40, 40, 40, 40, 40, 40, 40, 40, 40, 40, 40, 40, 40, 40, 40, 40, 40, 40, 40, 40, 40, 40, 40, 40]), (3099467241.997651, 549.7561675959635, [40, 9], [9, 9, 9, 9, 9, 9, 9, 9, 9, 9, 9, 9, 9, 9, 9, 9, 9, 9, 9, 9, 9, 9, 9, 9, 9, 9, 9, 9, 9, 40, 40, 40, 40, 40, 40, 40, 40, 40, 40, 40, 40, 40, 40, 40, 40, 40, 40, 40, 40, 40, 40, 40, 40, 40]), (3146686649.859844, 541.3024567782877, [40, 10], [10, 10, 10, 10, 10, 10, 10, 10, 10, 10, 10, 10, 10, 10, 10, 10, 10, 10, 10, 10, 10, 10, 10, 10, 10, 10, 10, 10, 10, 40, 40, 40, 40, 40, 40, 40, 40, 40, 40, 40, 40, 40, 40, 40, 40, 40, 40, 40, 40, 40, 40, 40, 40, 40]), (3265556876.2007804, 522.1947135662633, [40, 11], [11, 11, 11, 11, 11, 11, 11, 11, 11, 11, 11, 11, 11, 11, 11, 11, 11, 11, 11, 11, 11, 11, 11, 11, 11, 11, 11, 11, 11, 40, 40, 40, 40, 40, 40, 40, 40, 40, 40, 40, 40, 40, 40, 40, 40, 40, 40, 40, 40, 40, 40, 40, 40, 40]), (3971376408.9443784, 513.4824921908707, [40, 18], [18, 18, 18, 18, 18, 18, 18, 18, 18, 18, 18, 18, 18, 18, 18, 18, 18, 18, 18, 18, 18, 18, 18, 18, 18, 18, 18, 18, 18, 18, 18, 40, 40, 40, 40, 40, 40, 40, 40, 40, 40, 40, 40, 40, 40, 40, 40, 40, 40, 40, 40, 40, 40, 40]), (4042418572.2396936, 506.17765965626074, [40, 19], [19, 19, 19, 19, 19, 19, 19, 19, 19, 19, 19, 19, 19, 19, 19, 19, 19, 19, 19, 19, 19, 19, 19, 19, 19, 19, 19, 19, 19, 19, 19, 40, 40, 40, 40, 40, 40, 40, 40, 40, 40, 40, 40, 40, 40, 40, 40, 40, 40, 40, 40, 40, 40, 40]), (4118428430.091982, 498.3438171539782, [40, 20], [20, 20, 20, 20, 20, 20, 20, 20, 20, 20, 20, 20, 20, 20, 20, 20, 20, 20, 20, 20, 20, 20, 20, 20, 20, 20, 20, 20, 20, 20, 20, 40, 40, 40, 40, 40, 40, 40, 40, 40, 40, 40, 40, 40, 40, 40, 40, 40, 40, 40, 40, 40, 40, 40]), (2870769027.7504535, 594.1688885234507, [4, 39], [4, 4, 4, 4, 4, 4, 4, 4, 4, 4, 4, 4, 4, 4, 4, 4, 4, 4, 4, 4, 4, 4, 4, 4, 4, 4, 4, 39, 39, 39, 39, 39, 39, 39, 39, 39, 39, 39, 39, 39, 39, 39, 39, 39, 39, 39, 39, 39, 39, 39, 39, 39, 39, 39])]

Solution for n=54, p=3 :
Pareto: [(4740453102.219925, 433.3266419591041, [51, 45, 23], [23, 23, 23, 23, 23, 23, 23, 23, 23, 23, 23, 23, 23, 23, 23, 23, 23, 23, 23, 23, 23, 23, 23, 23, 23, 23, 23, 23, 23, 23, 23, 23, 23, 23, 45, 45, 45, 45, 45, 45, 45, 45, 45, 45, 45, 45, 45, 45, 45, 45, 51, 51, 51, 51]), (5158263940.127466, 433.00857529196253, [51, 45, 25], [25, 25, 25, 25, 25, 25, 25, 25, 25, 25, 25, 25, 25, 25, 25, 25, 25, 25, 25, 25, 25, 25, 25, 25, 25, 25, 25, 25, 25, 25, 25, 25, 25, 25, 25, 45, 45, 45, 45, 45, 45, 45, 45, 45, 45, 45, 45, 45, 45, 45, 51, 51, 51, 51]), (6004005423.577952, 432.95495769586364, [51, 45, 28], [28, 28, 28, 28, 28, 28, 28, 28, 28, 28, 28, 28, 28, 28, 28, 28, 28, 28, 28, 28, 28, 28, 28, 28, 28, 28, 28, 28, 28, 28, 28, 28, 28, 28, 28, 28, 28, 45, 45, 45, 45, 45, 45, 45, 45, 45, 45, 45, 45, 45, 51, 51, 51, 51]), (3913818387.4268885, 441.8014785442166, [51, 21, 41], [21, 21, 21, 21, 21, 21, 21, 21, 21, 21, 21, 21, 21, 21, 21, 21, 21, 21, 21, 21, 21, 21, 21, 21, 21, 21, 21, 21, 21, 21, 21, 21, 41, 41, 41, 41, 41, 41, 41, 41, 41, 41, 41, 41, 41, 41, 41, 41, 41, 51, 51, 51, 51, 51]), (4221256493.1114798, 439.2282910237932, [51, 22, 41], [22, 22, 22, 22, 22, 22, 22, 22, 22, 22, 22, 22, 22, 22, 22, 22, 22, 22, 22, 22, 22, 22, 22, 22, 22, 22, 22, 22, 22, 22, 22, 22, 41, 41, 41, 41, 41, 41, 41, 41, 41, 41, 41, 41, 41, 41, 41, 41, 41, 51, 51, 51, 51, 51]), (2352730343.0707603, 486.4109275163757, [40, 5, 23], [5, 5, 5, 5, 5, 5, 5, 5, 5, 5, 5, 5, 5, 5, 5, 23, 23, 23, 23, 23, 23, 23, 23, 23, 23, 23, 23, 23, 23, 23, 23, 23, 23, 40, 40, 40, 40, 40, 40, 40, 40, 40, 40, 40, 40, 40, 40, 40, 40, 40, 40, 40, 40, 40]), (2425687701.859163, 483.36471851304714, [40, 6, 23], [6, 6, 6, 6, 6, 6, 6, 6, 6, 6, 6, 6, 6, 6, 6, 6, 23, 23, 23, 23, 23, 23, 23, 23, 23, 23, 23, 23, 23, 23, 23, 23, 23, 40, 40, 40, 40, 40, 40, 40, 40, 40, 40, 40, 40, 40, 40, 40, 40, 40, 40, 40, 40, 40]), (2853941432.296042, 481.8050405134252, [51, 11, 38], [11, 11, 11, 11, 11, 11, 11, 11, 11, 11, 11, 11, 11, 11, 11, 11, 11, 11, 11, 11, 11, 11, 11, 11, 11, 11, 11, 11, 11, 38, 38, 38, 38, 38, 38, 38, 38, 38, 38, 38, 38, 38, 38, 38, 38, 38, 38, 38, 51, 51, 51, 51, 51, 51]), (2139512330.3833108, 498.3438171539782, [40, 20, 0], [0, 0, 0, 0, 0, 0, 0, 0, 0, 0, 0, 20, 20, 20, 20, 20, 20, 20, 20, 20, 20, 20, 20, 20, 20, 20, 20, 20, 20, 20, 20, 40, 40, 40, 40, 40, 40, 40, 40, 40, 40, 40, 40, 40, 40, 40, 40, 40, 40, 40, 40, 40, 40, 40]), (2135993183.604083, 503.9232245751398, [40, 21, 0], [0, 0, 0, 0, 0, 0, 0, 0, 0, 0, 0, 21, 21, 21, 21, 21, 21, 21, 21, 21, 21, 21, 21, 21, 21, 21, 21, 21, 21, 21, 21, 21, 40, 40, 40, 40, 40, 40, 40, 40, 40, 40, 40, 40, 40, 40, 40, 40, 40, 40, 40, 40, 40, 40]), (2232071539.623784, 486.73604306692823, [40, 22, 1], [1, 1, 1, 1, 1, 1, 1, 1, 1, 1, 1, 22, 22, 22, 22, 22, 22, 22, 22, 22, 22, 22, 22, 22, 22, 22, 22, 22, 22, 22, 22, 22, 40, 40, 40, 40, 40, 40, 40, 40, 40, 40, 40, 40, 40, 40, 40, 40, 40, 40, 40, 40, 40, 40]), (3465954894.3419323, 450.18088195283644, [51, 38, 17], [17, 17, 17, 17, 17, 17, 17, 17, 17, 17, 17, 17, 17, 17, 17, 17, 17, 17, 17, 17, 17, 17, 17, 17, 17, 17, 17, 17, 17, 38, 38, 38, 38, 38, 38, 38, 38, 38, 38, 38, 38, 38, 38, 38, 38, 38, 38, 38, 51, 51, 51, 51, 51, 51]), (3221598149.805226, 466.748543117585, [51, 15, 38], [15, 15, 15, 15, 15, 15, 15, 15, 15, 15, 15, 15, 15, 15, 15, 15, 15, 15, 15, 15, 15, 15, 15, 15, 15, 15, 15, 15, 15, 38, 38, 38, 38, 38, 38, 38, 38, 38, 38, 38, 38, 38, 38, 38, 38, 38, 38, 38, 51, 51, 51, 51, 51, 51]), (3336367078.91786, 457.9672156204264, [51, 16, 38], [16, 16, 16, 16, 16, 16, 16, 16, 16, 16, 16, 16, 16, 16, 16, 16, 16, 16, 16, 16, 16, 16, 16, 16, 16, 16, 16, 16, 16, 38, 38, 38, 38, 38, 38, 38, 38, 38, 38, 38, 38, 38, 38, 38, 38, 38, 38, 38, 51, 51, 51, 51, 51, 51]), (2112886289.8895562, 531.4140480416047, [0, 39, 20], [0, 0, 0, 0, 0, 0, 0, 0, 0, 0, 0, 20, 20, 20, 20, 20, 20, 20, 20, 20, 20, 20, 20, 20, 20, 20, 20, 20, 20, 20, 39, 39, 39, 39, 39, 39, 39, 39, 39, 39, 39, 39, 39, 39, 39, 39, 39, 39, 39, 39, 39, 39, 39, 39])]

Solution for n=54, p=4 :
Pareto: [(2452022323.2928767, 399.3387268853515, [51, 45, 30, 8], [8, 8, 8, 8, 8, 8, 8, 8, 8, 8, 8, 8, 8, 8, 8, 8, 8, 8, 8, 8, 8, 8, 8, 30, 30, 30, 30, 30, 30, 30, 30, 30, 30, 30, 30, 30, 30, 30, 30, 45, 45, 45, 45, 45, 45, 45, 45, 45, 45, 45, 51, 51, 51, 51]), (2510644749.4492106, 390.32062379572255, [51, 45, 30, 9], [9, 9, 9, 9, 9, 9, 9, 9, 9, 9, 9, 9, 9, 9, 9, 9, 9, 9, 9, 9, 9, 9, 9, 30, 30, 30, 30, 30, 30, 30, 30, 30, 30, 30, 30, 30, 30, 30, 30, 45, 45, 45, 45, 45, 45, 45, 45, 45, 45, 45, 51, 51, 51, 51]), (2570401974.463066, 381.6384358793921, [51, 45, 30, 10], [10, 10, 10, 10, 10, 10, 10, 10, 10, 10, 10, 10, 10, 10, 10, 10, 10, 10, 10, 10, 10, 10, 10, 30, 30, 30, 30, 30, 30, 30, 30, 30, 30, 30, 30, 30, 30, 30, 30, 45, 45, 45, 45, 45, 45, 45, 45, 45, 45, 45, 51, 51, 51, 51]), (2705188932.6107454, 377.8685153883456, [51, 45, 30, 11], [11, 11, 11, 11, 11, 11, 11, 11, 11, 11, 11, 11, 11, 11, 11, 11, 11, 11, 11, 11, 11, 11, 11, 11, 30, 30, 30, 30, 30, 30, 30, 30, 30, 30, 30, 30, 30, 30, 30, 45, 45, 45, 45, 45, 45, 45, 45, 45, 45, 45, 51, 51, 51, 51]), (2810217423.869148, 374.9818019464717, [51, 45, 30, 12], [12, 12, 12, 12, 12, 12, 12, 12, 12, 12, 12, 12, 12, 12, 12, 12, 12, 12, 12, 12, 12, 12, 12, 12, 30, 30, 30, 30, 30, 30, 30, 30, 30, 30, 30, 30, 30, 30, 30, 45, 45, 45, 45, 45, 45, 45, 45, 45, 45, 45, 51, 51, 51, 51]), (2118840207.7218862, 420.8275749550677, [51, 45, 3, 23], [3, 3, 3, 3, 3, 3, 3, 3, 3, 3, 3, 3, 3, 3, 23, 23, 23, 23, 23, 23, 23, 23, 23, 23, 23, 23, 23, 23, 23, 23, 23, 23, 23, 23, 45, 45, 45, 45, 45, 45, 45, 45, 45, 45, 45, 45, 45, 45, 45, 45, 51, 51, 51, 51]), (2163987556.4334316, 416.8140084717919, [51, 45, 4, 25], [4, 4, 4, 4, 4, 4, 4, 4, 4, 4, 4, 4, 4, 4, 4, 4, 25, 25, 25, 25, 25, 25, 25, 25, 25, 25, 25, 25, 25, 25, 25, 25, 25, 25, 25, 45, 45, 45, 45, 45, 45, 45, 45, 45, 45, 45, 45, 45, 45, 45, 51, 51, 51, 51]), (2189543577.2764287, 416.7360904774673, [51, 45, 5, 25], [5, 5, 5, 5, 5, 5, 5, 5, 5, 5, 5, 5, 5, 5, 5, 5, 5, 25, 25, 25, 25, 25, 25, 25, 25, 25, 25, 25, 25, 25, 25, 25, 25, 25, 25, 45, 45, 45, 45, 45, 45, 45, 45, 45, 45, 45, 45, 45, 45, 45, 51, 51, 51, 51]), (2250911140.803255, 411.93428180033754, [51, 45, 6, 24], [6, 6, 6, 6, 6, 6, 6, 6, 6, 6, 6, 6, 6, 6, 6, 6, 6, 24, 24, 24, 24, 24, 24, 24, 24, 24, 24, 24, 24, 24, 24, 24, 24, 24, 45, 45, 45, 45, 45, 45, 45, 45, 45, 45, 45, 45, 45, 45, 45, 45, 51, 51, 51, 51]), (2256697128.6554017, 405.16646788226797, [51, 45, 6, 25], [6, 6, 6, 6, 6, 6, 6, 6, 6, 6, 6, 6, 6, 6, 6, 6, 6, 25, 25, 25, 25, 25, 25, 25, 25, 25, 25, 25, 25, 25, 25, 25, 25, 25, 25, 45, 45, 45, 45, 45, 45, 45, 45, 45, 45, 45, 45, 45, 45, 45, 51, 51, 51, 51]), (2333901496.551566, 404.7638685271851, [51, 45, 7, 25], [7, 7, 7, 7, 7, 7, 7, 7, 7, 7, 7, 7, 7, 7, 7, 7, 7, 7, 25, 25, 25, 25, 25, 25, 25, 25, 25, 25, 25, 25, 25, 25, 25, 25, 25, 45, 45, 45, 45, 45, 45, 45, 45, 45, 45, 45, 45, 45, 45, 45, 51, 51, 51, 51])]

Solution for n=54, p=5 :
Pareto: [(1703436388.9094768, 366.5564999465672, [51, 45, 30, 3, 16], [3, 3, 3, 3, 3, 3, 3, 3, 3, 3, 16, 16, 16, 16, 16, 16, 16, 16, 16, 16, 16, 16, 16, 16, 16, 30, 30, 30, 30, 30, 30, 30, 30, 30, 30, 30, 30, 30, 30, 45, 45, 45, 45, 45, 45, 45, 45, 45, 45, 45, 51, 51, 51, 51]), (1752120603.8273745, 360.70618303876677, [51, 45, 30, 4, 15], [4, 4, 4, 4, 4, 4, 4, 4, 4, 4, 15, 15, 15, 15, 15, 15, 15, 15, 15, 15, 15, 15, 15, 15, 30, 30, 30, 30, 30, 30, 30, 30, 30, 30, 30, 30, 30, 30, 30, 45, 45, 45, 45, 45, 45, 45, 45, 45, 45, 45, 51, 51, 51, 51]), (1751536931.8061435, 361.85318154856907, [51, 45, 30, 4, 16], [4, 4, 4, 4, 4, 4, 4, 4, 4, 4, 16, 16, 16, 16, 16, 16, 16, 16, 16, 16, 16, 16, 16, 16, 16, 30, 30, 30, 30, 30, 30, 30, 30, 30, 30, 30, 30, 30, 30, 45, 45, 45, 45, 45, 45, 45, 45, 45, 45, 45, 51, 51, 51, 51]), (1810480493.026437, 359.03638952404685, [51, 45, 30, 5, 15], [5, 5, 5, 5, 5, 5, 5, 5, 5, 5, 15, 15, 15, 15, 15, 15, 15, 15, 15, 15, 15, 15, 15, 15, 30, 30, 30, 30, 30, 30, 30, 30, 30, 30, 30, 30, 30, 30, 30, 45, 45, 45, 45, 45, 45, 45, 45, 45, 45, 45, 51, 51, 51, 51]), (1938845835.52112, 353.6195813439899, [51, 45, 30, 6, 17], [6, 6, 6, 6, 6, 6, 6, 6, 6, 6, 6, 17, 17, 17, 17, 17, 17, 17, 17, 17, 17, 17, 17, 17, 17, 30, 30, 30, 30, 30, 30, 30, 30, 30, 30, 30, 30, 30, 30, 45, 45, 45, 45, 45, 45, 45, 45, 45, 45, 45, 51, 51, 51, 51]), (1611829877.4222105, 371.6663954283434, [51, 45, 30, 12, 0], [0, 0, 0, 0, 0, 0, 0, 0, 12, 12, 12, 12, 12, 12, 12, 12, 12, 12, 12, 12, 12, 12, 12, 12, 30, 30, 30, 30, 30, 30, 30, 30, 30, 30, 30, 30, 30, 30, 30, 45, 45, 45, 45, 45, 45, 45, 45, 45, 45, 45, 51, 51, 51, 51]), (1632499078.0986652, 369.4020539551222, [51, 45, 30, 13, 1], [1, 1, 1, 1, 1, 1, 1, 1, 13, 13, 13, 13, 13, 13, 13, 13, 13, 13, 13, 13, 13, 13, 13, 13, 30, 30, 30, 30, 30, 30, 30, 30, 30, 30, 30, 30, 30, 30, 30, 45, 45, 45, 45, 45, 45, 45, 45, 45, 45, 45, 51, 51, 51, 51]), (1639157605.4247518, 367.3857581799015, [51, 45, 30, 14, 1], [1, 1, 1, 1, 1, 1, 1, 1, 14, 14, 14, 14, 14, 14, 14, 14, 14, 14, 14, 14, 14, 14, 14, 14, 30, 30, 30, 30, 30, 30, 30, 30, 30, 30, 30, 30, 30, 30, 30, 45, 45, 45, 45, 45, 45, 45, 45, 45, 45, 45, 51, 51, 51, 51]), (1942648593.0575275, 351.09246129342256, [51, 45, 6, 18, 31], [6, 6, 6, 6, 6, 6, 6, 6, 6, 6, 6, 18, 18, 18, 18, 18, 18, 18, 18, 18, 18, 18, 18, 18, 18, 18, 31, 31, 31, 31, 31, 31, 31, 31, 31, 31, 31, 31, 31, 45, 45, 45, 45, 45, 45, 45, 45, 45, 45, 45, 51, 51, 51, 51])]

Solution for n=54, p=6 :
Pareto: [(1429731780.8973951, 352.25156055713165, [51, 3, 11, 23, 36, 46], [3, 3, 3, 3, 3, 3, 3, 3, 11, 11, 11, 11, 11, 11, 11, 11, 11, 11, 11, 23, 23, 23, 23, 23, 23, 23, 23, 23, 23, 23, 36, 36, 36, 36, 36, 36, 36, 36, 36, 36, 46, 46, 46, 46, 46, 46, 46, 46, 46, 46, 51, 51, 51, 51]), (1478874497.290144, 346.23830005722994, [51, 4, 11, 23, 36, 46], [4, 4, 4, 4, 4, 4, 4, 4, 11, 11, 11, 11, 11, 11, 11, 11, 11, 11, 11, 23, 23, 23, 23, 23, 23, 23, 23, 23, 23, 23, 36, 36, 36, 36, 36, 36, 36, 36, 36, 36, 46, 46, 46, 46, 46, 46, 46, 46, 46, 46, 51, 51, 51, 51]), (1370131714.0165343, 359.66350350296943, [51, 2, 36, 21, 11, 46], [2, 2, 2, 2, 2, 2, 2, 2, 11, 11, 11, 11, 11, 11, 11, 11, 11, 21, 21, 21, 21, 21, 21, 21, 21, 21, 21, 21, 21, 36, 36, 36, 36, 36, 36, 36, 36, 36, 36, 36, 46, 46, 46, 46, 46, 46, 46, 46, 46, 46, 51, 51, 51, 51])]

Solution for n=54, p=7 :
Pareto: [(1215993663.6088927, 363.375686661061, [51, 0, 11, 21, 46, 26, 36], [0, 0, 0, 0, 0, 0, 0, 11, 11, 11, 11, 11, 11, 11, 11, 11, 11, 21, 21, 21, 21, 21, 21, 21, 26, 26, 26, 26, 26, 26, 26, 36, 36, 36, 36, 36, 36, 36, 36, 36, 46, 46, 46, 46, 46, 46, 46, 46, 46, 46, 51, 51, 51, 51]), (1339362010.4176612, 345.61096770156223, [51, 2, 9, 21, 46, 26, 36], [2, 2, 2, 2, 2, 2, 9, 9, 9, 9, 9, 9, 9, 9, 9, 21, 21, 21, 21, 21, 21, 21, 21, 21, 26, 26, 26, 26, 26, 26, 26, 36, 36, 36, 36, 36, 36, 36, 36, 36, 46, 46, 46, 46, 46, 46, 46, 46, 46, 46, 51, 51, 51, 51]), (1247775007.4192173, 359.66350350296943, [51, 2, 11, 21, 46, 26, 36], [2, 2, 2, 2, 2, 2, 2, 2, 11, 11, 11, 11, 11, 11, 11, 11, 11, 21, 21, 21, 21, 21, 21, 21, 26, 26, 26, 26, 26, 26, 26, 36, 36, 36, 36, 36, 36, 36, 36, 36, 46, 46, 46, 46, 46, 46, 46, 46, 46, 46, 51, 51, 51, 51]), (1352911833.2484748, 345.3613205279648, [51, 3, 10, 21, 46, 26, 36], [3, 3, 3, 3, 3, 3, 3, 10, 10, 10, 10, 10, 10, 10, 10, 10, 21, 21, 21, 21, 21, 21, 21, 21, 26, 26, 26, 26, 26, 26, 26, 36, 36, 36, 36, 36, 36, 36, 36, 36, 46, 46, 46, 46, 46, 46, 46, 46, 46, 46, 51, 51, 51, 51]), (1434069710.069941, 344.5873067066581, [51, 4, 9, 21, 46, 26, 36], [4, 4, 4, 4, 4, 4, 4, 9, 9, 9, 9, 9, 9, 9, 9, 21, 21, 21, 21, 21, 21, 21, 21, 21, 26, 26, 26, 26, 26, 26, 26, 36, 36, 36, 36, 36, 36, 36, 36, 36, 46, 46, 46, 46, 46, 46, 46, 46, 46, 46, 51, 51, 51, 51]), (1259007406.410851, 349.10353173614214, [51, 11, 0, 5, 23, 36, 46], [0, 0, 0, 5, 5, 5, 5, 5, 5, 11, 11, 11, 11, 11, 11, 11, 11, 11, 11, 23, 23, 23, 23, 23, 23, 23, 23, 23, 23, 23, 36, 36, 36, 36, 36, 36, 36, 36, 36, 36, 46, 46, 46, 46, 46, 46, 46, 46, 46, 46, 51, 51, 51, 51])]

Solution for n=54, p=8 :
Pareto: [(1127978628.5203326, 346.23830005722994, [51, 0, 11, 4, 21, 36, 26, 46], [0, 0, 0, 4, 4, 4, 4, 4, 11, 11, 11, 11, 11, 11, 11, 11, 11, 21, 21, 21, 21, 21, 21, 21, 26, 26, 26, 26, 26, 26, 26, 36, 36, 36, 36, 36, 36, 36, 36, 36, 46, 46, 46, 46, 46, 46, 46, 46, 46, 46, 51, 51, 51, 51]), (1122986541.2207265, 349.10353173614214, [51, 0, 11, 5, 21, 36, 26, 46], [0, 0, 0, 5, 5, 5, 5, 5, 5, 11, 11, 11, 11, 11, 11, 11, 11, 21, 21, 21, 21, 21, 21, 21, 26, 26, 26, 26, 26, 26, 26, 36, 36, 36, 36, 36, 36, 36, 36, 36, 46, 46, 46, 46, 46, 46, 46, 46, 46, 46, 51, 51, 51, 51]), (1174303607.9904928, 340.2306997938158, [51, 11, 6, 1, 21, 36, 26, 46], [1, 1, 1, 1, 6, 6, 6, 6, 6, 11, 11, 11, 11, 11, 11, 11, 11, 21, 21, 21, 21, 21, 21, 21, 26, 26, 26, 26, 26, 26, 26, 36, 36, 36, 36, 36, 36, 36, 36, 36, 46, 46, 46, 46, 46, 46, 46, 46, 46, 46, 51, 51, 51, 51])]

Solution for n=54, p=9 :
Pareto: [(1026527775.2665589, 346.23830005722994, [51, 0, 11, 4, 39, 33, 21, 26, 46], [0, 0, 0, 4, 4, 4, 4, 4, 11, 11, 11, 11, 11, 11, 11, 11, 11, 21, 21, 21, 21, 21, 21, 21, 26, 26, 26, 26, 26, 26, 33, 33, 33, 33, 33, 33, 33, 33, 39, 39, 39, 39, 46, 46, 46, 46, 46, 46, 46, 46, 51, 51, 51, 51]), (1063573516.4917091, 345.1431751284197, [45, 0, 11, 4, 53, 50, 21, 36, 26], [0, 0, 0, 4, 4, 4, 4, 4, 11, 11, 11, 11, 11, 11, 11, 11, 11, 21, 21, 21, 21, 21, 21, 21, 26, 26, 26, 26, 26, 26, 26, 36, 36, 36, 36, 36, 36, 36, 36, 36, 45, 45, 45, 45, 45, 45, 45, 45, 45, 50, 50, 50, 53, 53]), (1021534605.1965243, 349.10353173614214, [51, 0, 11, 5, 39, 33, 21, 26, 46], [0, 0, 0, 5, 5, 5, 5, 5, 5, 11, 11, 11, 11, 11, 11, 11, 11, 21, 21, 21, 21, 21, 21, 21, 26, 26, 26, 26, 26, 26, 33, 33, 33, 33, 33, 33, 33, 33, 39, 39, 39, 39, 46, 46, 46, 46, 46, 46, 46, 46, 51, 51, 51, 51]), (1072848787.6669877, 340.2306997938158, [51, 11, 6, 39, 1, 33, 21, 26, 46], [1, 1, 1, 1, 6, 6, 6, 6, 6, 11, 11, 11, 11, 11, 11, 11, 11, 21, 21, 21, 21, 21, 21, 21, 26, 26, 26, 26, 26, 26, 33, 33, 33, 33, 33, 33, 33, 33, 39, 39, 39, 39, 46, 46, 46, 46, 46, 46, 46, 46, 51, 51, 51, 51]), (1109911830.017616, 339.0111618217586, [45, 11, 6, 53, 1, 50, 21, 36, 26], [1, 1, 1, 1, 6, 6, 6, 6, 6, 11, 11, 11, 11, 11, 11, 11, 11, 21, 21, 21, 21, 21, 21, 21, 26, 26, 26, 26, 26, 26, 26, 36, 36, 36, 36, 36, 36, 36, 36, 36, 45, 45, 45, 45, 45, 45, 45, 45, 45, 50, 50, 50, 53, 53])]

Solution for n=54, p=10 :
Pareto: [(1061480014.0446918, 333.0546262666775, [51, 20, 10, 52, 0, 39, 5, 33, 26, 46], [0, 0, 0, 5, 5, 5, 5, 5, 10, 10, 10, 10, 10, 10, 10, 20, 20, 20, 20, 20, 20, 20, 20, 26, 26, 26, 26, 26, 26, 26, 33, 33, 33, 33, 33, 33, 33, 33, 39, 39, 39, 39, 46, 46, 46, 46, 46, 46, 46, 46, 51, 51, 52, 52]), (962497131.8653853, 345.1431751284197, [0, 11, 4, 39, 53, 33, 50, 21, 26, 46], [0, 0, 0, 4, 4, 4, 4, 4, 11, 11, 11, 11, 11, 11, 11, 11, 11, 21, 21, 21, 21, 21, 21, 21, 26, 26, 26, 26, 26, 26, 33, 33, 33, 33, 33, 33, 33, 33, 39, 39, 39, 39, 46, 46, 46, 46, 46, 46, 46, 50, 50, 50, 53, 53]), (962497131.8653853, 345.1431751284197, [0, 11, 4, 53, 39, 33, 50, 21, 26, 46], [0, 0, 0, 4, 4, 4, 4, 4, 11, 11, 11, 11, 11, 11, 11, 11, 11, 21, 21, 21, 21, 21, 21, 21, 26, 26, 26, 26, 26, 26, 33, 33, 33, 33, 33, 33, 33, 33, 39, 39, 39, 39, 46, 46, 46, 46, 46, 46, 46, 50, 50, 50, 53, 53]), (998393383.3287426, 337.8911174098292, [51, 11, 39, 0, 33, 21, 52, 4, 26, 46], [0, 0, 0, 4, 4, 4, 4, 4, 11, 11, 11, 11, 11, 11, 11, 11, 11, 21, 21, 21, 21, 21, 21, 21, 26, 26, 26, 26, 26, 26, 33, 33, 33, 33, 33, 33, 33, 33, 39, 39, 39, 39, 46, 46, 46, 46, 46, 46, 46, 46, 51, 51, 52, 52]), (998393383.3287426, 337.8911174098292, [51, 11, 39, 0, 33, 52, 21, 4, 26, 46], [0, 0, 0, 4, 4, 4, 4, 4, 11, 11, 11, 11, 11, 11, 11, 11, 11, 21, 21, 21, 21, 21, 21, 21, 26, 26, 26, 26, 26, 26, 33, 33, 33, 33, 33, 33, 33, 33, 39, 39, 39, 39, 46, 46, 46, 46, 46, 46, 46, 46, 51, 51, 52, 52]), (998393383.3287426, 337.8911174098292, [51, 11, 39, 0, 33, 52, 4, 21, 26, 46], [0, 0, 0, 4, 4, 4, 4, 4, 11, 11, 11, 11, 11, 11, 11, 11, 11, 21, 21, 21, 21, 21, 21, 21, 26, 26, 26, 26, 26, 26, 33, 33, 33, 33, 33, 33, 33, 33, 39, 39, 39, 39, 46, 46, 46, 46, 46, 46, 46, 46, 51, 51, 52, 52]), (998393383.3287426, 337.8911174098292, [51, 11, 39, 0, 52, 33, 21, 4, 26, 46], [0, 0, 0, 4, 4, 4, 4, 4, 11, 11, 11, 11, 11, 11, 11, 11, 11, 21, 21, 21, 21, 21, 21, 21, 26, 26, 26, 26, 26, 26, 33, 33, 33, 33, 33, 33, 33, 33, 39, 39, 39, 39, 46, 46, 46, 46, 46, 46, 46, 46, 51, 51, 52, 52]), (998393383.3287426, 337.8911174098292, [51, 11, 39, 0, 52, 33, 4, 21, 26, 46], [0, 0, 0, 4, 4, 4, 4, 4, 11, 11, 11, 11, 11, 11, 11, 11, 11, 21, 21, 21, 21, 21, 21, 21, 26, 26, 26, 26, 26, 26, 33, 33, 33, 33, 33, 33, 33, 33, 39, 39, 39, 39, 46, 46, 46, 46, 46, 46, 46, 46, 51, 51, 52, 52]), (998393383.3287426, 337.8911174098292, [51, 11, 39, 0, 52, 4, 33, 21, 26, 46], [0, 0, 0, 4, 4, 4, 4, 4, 11, 11, 11, 11, 11, 11, 11, 11, 11, 21, 21, 21, 21, 21, 21, 21, 26, 26, 26, 26, 26, 26, 33, 33, 33, 33, 33, 33, 33, 33, 39, 39, 39, 39, 46, 46, 46, 46, 46, 46, 46, 46, 51, 51, 52, 52])]

